Start scheduler

Task set: Num Tasks 100 | Util 20 | Pop Size 2000

Utilization 19.4883066041
Genetic Algorithm
The number of CPU's used is 10
Allocation stategy
1	0
2	0
3	0
4	0
5	1.97800239777
6	1.99666250614
7	1.99027884836
8	1.17687214109
9	1.99005049067
10	0
11	1.99012371099
12	0
13	1.99868655137
14	1.9992306555
15	2.13566755572
16	0
17	0
18	0
19	0
20	1.96594923452

MW Algorithm
The number of CPU's used is 6
Allocation stategy
1	3.30877582118
2	3.25274583002
3	3.2873737362
4	3.17581929414
5	3.25855950186
6	3.20503242075
7	0
8	0
9	0
10	0
11	0
12	0
13	0
14	0
15	0
16	0
17	0
18	0
19	0
20	0

HybridWGA algorithm
Genetic Algorithm
The number of CPU's used is 6
Allocation stategy
1	3.31064451659
2	3.07687442013
3	2.87068552132
4	3.55439511227
5	2.87594361524
6	1.99775304778
7	0
8	0
9	0
10	0
11	0
12	0
13	0
14	0
15	0
16	0
17	0
18	0
19	0
20	0

Task set: Num Tasks 100 | Util 35 | Pop Size 2000

Utilization 37.1038009251
Genetic Algorithm
The number of CPU's used is 17
Allocation stategy
1	1.96562017299
2	0
3	1.93121708561
4	1.95825736912
5	1.98953321696
6	1.97281415724
7	1.97406917284
8	1.89459183641
9	1.99328555152
10	0
11	1.99779498733
12	1.97173684637
13	0
14	1.98368675172
15	2.1915841467
16	2.38325576848
17	2.38176967163
18	1.996994656
19	2.22098708589
20	1.93696853799

MW Algorithm
The number of CPU's used is 12
Allocation stategy
1	3.04633387388
2	3.01495422495
3	2.96610151941
4	3.31054567469
5	3.45123487042
6	2.91826364786
7	2.95964725664
8	3.1479082168
9	3.18242464502
10	2.87995695864
11	3.07587349374
12	3.15055654306
13	0
14	0
15	0
16	0
17	0
18	0
19	0
20	0

HybridWGA algorithm
Genetic Algorithm
The number of CPU's used is 12
Allocation stategy
1	3.26547759655
2	1.96190502654
3	3.10133208783
4	3.30045360781
5	2.64809775304
6	1.99111500722
7	1.99883001103
8	2.8568622673
9	1.99260855526
10	2.87152606466
11	3.10449273059
12	2.84750864454
13	0
14	0
15	0
16	0
17	0
18	0
19	0
20	0
