Start scheduler

Task set: Num Tasks 300 | Util 35 | Pop Size 200

Utilization 33.8304990285

Genetic Algorithm
The number of CPU's used is 10
Allocation strategy
1	3.69276471394
2	3.32096450775
3	3.5344001467
4	3.54580477009
5	3.05515063311
6	3.32228331248
7	3.32420871723
8	3.45954904704
9	3.310295518
10	3.26507766212
11	0
12	0
13	0
14	0
15	0
16	0
17	0
18	0
19	0
20	0

Genetic Algorithm
The number of CPU's used is 10
Allocation strategy
1	0
2	0
3	3.5459884059
4	0
5	3.0658412461
6	0
7	3.31860622301
8	3.51258231374
9	0
10	0
11	0
12	0
13	3.54238148541
14	3.53677692524
15	0
16	2.97480385861
17	3.09069923322
18	3.50042272363
19	0
20	3.7423966136

