Start scheduler

Task set: Num Tasks 100 | Util 20 | Pop Size 200

Utilization 19.407075244
Genetic Algorithm
The number of CPU's used is 11
Allocation stategy
1	1.97268441271
2	1.97340409175
3	1.96918043789
4	1.28853687361
5	0
6	1.94874424839
7	0
8	2.31699282717
9	0
10	0
11	1.9604238229
12	0
13	1.93156169958
14	1.96473366101
15	0
16	0.147087402159
17	0
18	1.93372576685
19	0
20	0

MW Algorithm
The number of CPU's used is 6
Allocation stategy
1	3.20659614575
2	3.2359862481
3	3.14513189751
4	3.13133839008
5	3.17207080476
6	3.51595175783
7	0
8	0
9	0
10	0
11	0
12	0
13	0
14	0
15	0
16	0
17	0
18	0
19	0
20	0

HybridWGA algorithm
Genetic Algorithm
The number of CPU's used is 6
Allocation stategy
1	0
2	0
3	3.09842142103
4	0
5	0
6	0
7	0
8	3.32071895223
9	3.31367913876
10	0
11	0
12	3.30822623827
13	0
14	0
15	0
16	0
17	3.09246213357
18	0
19	0
20	3.27356736016

