Start scheduler

Task set: Num Tasks 100 | Util 20 | Pop Size 200

Utilization 20.0
MW Algorithm
The number of CPU's used is 6
1	3.48340073025
2	3.50481410655
3	3.27170313034
4	3.34620526597
5	3.02939482093
6	3.36448194596
7	0
8	0
9	0
10	0
11	0
12	0
13	0
14	0
15	0
16	0
17	0
18	0
19	0
20	0
 
HMWG algorithm
The number of CPU's used is 6
Allocation strategy
1	3.72161984048
2	3.29313199158
3	3.30063646744
4	3.53799078779
5	3.06451988408
6	3.08210102863
7	0
8	0
9	0
10	0
11	0
12	0
13	0
14	0
15	0
16	0
17	0
18	0
19	0
20	0
HMMWG algorithm
The number of CPU's used is 6
Allocation strategy
1	0
2	0
3	0
4	0
5	0
6	0
7	0
8	3.26609196165
9	0
10	0
11	0
12	0
13	3.31112257405
14	3.5003042068
15	0
16	0
17	3.31501898213
18	0
19	3.31047096727
20	3.29699130809
Task set: Num Tasks 150 | Util 20 | Pop Size 200

Utilization 20.0
MW Algorithm
The number of CPU's used is 6
1	3.49914926775
2	3.50921788713
3	3.32970815885
4	3.32185315097
5	3.05120025589
6	3.2888712794
7	0
8	0
9	0
10	0
11	0
12	0
13	0
14	0
15	0
16	0
17	0
18	0
19	0
20	0
 
HMWG algorithm
The number of CPU's used is 6
Allocation strategy
1	3.74225523967
2	3.31589430863
3	3.32970815885
4	3.51517672947
5	3.05120025589
6	3.04576530748
7	0
8	0
9	0
10	0
11	0
12	0
13	0
14	0
15	0
16	0
17	0
18	0
19	0
20	0
HMMWG algorithm
The number of CPU's used is 6
Allocation strategy
1	0
2	0
3	3.30427357924
4	0
5	0
6	0
7	0
8	0
9	0
10	3.32742594651
11	0
12	0
13	0
14	3.52458384737
15	0
16	3.04615808654
17	0
18	3.50868726094
19	0
20	3.2888712794
Task set: Num Tasks 200 | Util 20 | Pop Size 200

Utilization 20.0
MW Algorithm
The number of CPU's used is 6
1	3.44168951621
2	3.42069622262
3	3.33766117958
4	3.33923197525
5	3.01388695433
6	3.446834152
7	0
8	0
9	0
10	0
11	0
12	0
13	0
14	0
15	0
16	0
17	0
18	0
19	0
20	0
 
HMWG algorithm
The number of CPU's used is 6
Allocation strategy
1	3.70545338288
2	3.250159979
3	3.09806431486
4	3.30912986217
5	3.09990814135
6	3.53728431974
7	0
8	0
9	0
10	0
11	0
12	0
13	0
14	0
15	0
16	0
17	0
18	0
19	0
20	0
HMMWG algorithm
The number of CPU's used is 6
Allocation strategy
1	0
2	0
3	3.29405177134
4	0
5	0
6	0
7	0
8	3.31656942535
9	3.29416482646
10	3.33242350308
11	0
12	3.48381881278
13	0
14	0
15	0
16	0
17	0
18	0
19	3.27897166101
20	0
Task set: Num Tasks 300 | Util 20 | Pop Size 200

Utilization 20.0
MW Algorithm
The number of CPU's used is 6
1	3.39510056913
2	3.35533738484
3	3.39437946444
4	3.35416734223
5	3.09792750691
6	3.40308773244
7	0
8	0
9	0
10	0
11	0
12	0
13	0
14	0
15	0
16	0
17	0
18	0
19	0
20	0
 
HMWG algorithm
The number of CPU's used is 6
Allocation strategy
1	3.54134414833
2	3.26318792515
3	3.32026987425
4	3.44631680192
5	3.09792750691
6	3.33095374343
7	0
8	0
9	0
10	0
11	0
12	0
13	0
14	0
15	0
16	0
17	0
18	0
19	0
20	0
HMMWG algorithm
The number of CPU's used is 6
Allocation strategy
1	0
2	0
3	0
4	0
5	3.09572636589
6	0
7	0
8	3.51962810605
9	3.50245849371
10	0
11	0
12	0
13	3.46934420726
14	0
15	0
16	3.09792750691
17	3.31491532018
18	0
19	0
20	0
Task set: Num Tasks 100 | Util 35 | Pop Size 200

Utilization 35.0
MW Algorithm
The number of CPU's used is 10
1	3.51540930743
2	3.26403223112
3	3.59777583963
4	3.31908555676
5	2.81061160561
6	3.48149871167
7	3.80259777673
8	3.53414166003
9	3.93237978428
10	3.74246752675
11	0
12	0
13	0
14	0
15	0
16	0
17	0
18	0
19	0
20	0
 
HMWG algorithm
The number of CPU's used is 10
Allocation strategy
1	3.76889228805
2	3.54766175351
3	3.27882044953
4	3.52786837964
5	3.04500642439
6	3.32349379416
7	3.54690268882
8	3.66827331035
9	3.51894257871
10	3.77413833284
11	0
12	0
13	0
14	0
15	0
16	0
17	0
18	0
19	0
20	0
HMMWG algorithm
The number of CPU's used is 10
Allocation strategy
1	0
2	0
3	0
4	0
5	3.06546929462
6	0
7	0
8	3.5387220066
9	3.51802467209
10	3.75162001169
11	3.32539051028
12	3.49601883599
13	3.54388244484
14	3.71090738107
15	0
16	0
17	0
18	0
19	3.50147908106
20	3.54848576175
Task set: Num Tasks 150 | Util 35 | Pop Size 200

Utilization 35.0
MW Algorithm
The number of CPU's used is 10
1	3.59348332928
2	3.4296263425
3	3.69282682021
4	3.37429907808
5	2.93357390599
6	3.68897439645
7	3.68048893668
8	3.50276539304
9	3.58574448856
10	3.5182173092
11	0
12	0
13	0
14	0
15	0
16	0
17	0
18	0
19	0
20	0
 
HMWG algorithm
The number of CPU's used is 10
Allocation strategy
1	3.73893304302
2	3.54597922622
3	3.54590910694
4	3.46918885858
5	3.09494692373
6	3.3210959139
7	3.30152078921
8	3.77206619255
9	3.72574589985
10	3.48461404601
11	0
12	0
13	0
14	0
15	0
16	0
17	0
18	0
19	0
20	0
HMMWG algorithm
The number of CPU's used is 10
Allocation strategy
1	0
2	0
3	0
4	0
5	3.06641442527
6	3.25577584401
7	0
8	0
9	3.76805836885
10	3.65846554561
11	3.3248906315
12	3.51246413786
13	3.68594675653
14	3.768018866
15	0
16	0
17	0
18	3.48150509253
19	3.47846033186
20	0
Task set: Num Tasks 200 | Util 35 | Pop Size 200

Utilization 35.0
MW Algorithm
The number of CPU's used is 10
1	3.50653295909
2	3.55254190626
3	3.72122328913
4	3.49260898364
5	2.90460776455
6	3.62708054743
7	3.54757804656
8	3.56891847097
9	3.54258887869
10	3.53631915368
11	0
12	0
13	0
14	0
15	0
16	0
17	0
18	0
19	0
20	0
 
HMWG algorithm
The number of CPU's used is 10
Allocation strategy
1	3.76008386432
2	3.55254190626
3	3.48899261674
4	3.48004602684
5	3.07468181615
6	3.31309058937
7	3.29402714134
8	3.74343332004
9	3.75678356526
10	3.53631915368
11	0
12	0
13	0
14	0
15	0
16	0
17	0
18	0
19	0
20	0
HMMWG algorithm
The number of CPU's used is 10
Allocation strategy
1	3.68556603869
2	0
3	3.3030144017
4	0
5	3.09969867574
6	0
7	3.30047297492
8	3.73309413853
9	3.44204992395
10	0
11	0
12	3.5176514512
13	3.72410232315
14	3.68527327277
15	0
16	0
17	0
18	0
19	0
20	3.50907679936
Task set: Num Tasks 300 | Util 35 | Pop Size 200

Utilization 35.0
MW Algorithm
The number of CPU's used is 10
1	3.60724533734
2	3.50727348576
3	3.59318205554
4	3.53727585193
5	3.06831713798
6	3.57148818195
7	3.47562068537
8	3.48835051722
9	3.54741473586
10	3.60383201105
11	0
12	0
13	0
14	0
15	0
16	0
17	0
18	0
19	0
20	0
 
HMWG algorithm
The number of CPU's used is 10
Allocation strategy
1	3.68206799268
2	3.50727348576
3	3.32556076548
4	3.53727585193
5	3.03315835712
6	3.73732457343
7	3.3133003635
8	3.67425466936
9	3.73717768372
10	3.45260625701
11	0
12	0
13	0
14	0
15	0
16	0
17	0
18	0
19	0
20	0
HMMWG algorithm
The number of CPU's used is 10
Allocation strategy
1	0
2	0
3	3.30867784755
4	0
5	0
6	3.55144812669
7	0
8	3.5212111596
9	3.3309547486
10	3.51274080834
11	0
12	3.4948285806
13	3.74517385347
14	3.702165093
15	3.53078601939
16	0
17	3.30201376276
18	0
19	0
20	0
Task set: Num Tasks 100 | Util 45 | Pop Size 200

Utilization 45.0
MW Algorithm
The number of CPU's used is 13
1	3.49760728078
2	3.52700227895
3	3.566440799
4	3.49990905727
5	2.94882717874
6	3.34759402672
7	3.64205909134
8	3.63271243882
9	3.35787396721
10	3.49269475942
11	3.26860132104
12	3.4774678887
13	3.74120991201
14	0
15	0
16	0
17	0
18	0
19	0
20	0
 
HMWG algorithm
The number of CPU's used is 13
Allocation strategy
1	3.75509563148
2	3.52700227895
3	3.28890905909
4	3.55320537663
5	2.94882717874
6	3.31996186999
7	3.26559115296
8	3.55475609989
9	3.76440506325
10	3.77006764806
11	3.26860132104
12	3.44310710416
13	3.54047021574
14	0
15	0
16	0
17	0
18	0
19	0
20	0
HMMWG algorithm
The number of CPU's used is 13
Allocation strategy
1	0
2	0
3	3.29128202063
4	0
5	0
6	3.30631966745
7	3.07774574057
8	3.54741884958
9	3.50589459288
10	3.48041591074
11	0
12	0
13	3.72483407804
14	3.73777951497
15	3.73246339535
16	3.05987531514
17	0
18	3.50844315327
19	3.4774678887
20	3.55005987267
Task set: Num Tasks 150 | Util 45 | Pop Size 200

Utilization 45.0
MW Algorithm
The number of CPU's used is 13
1	3.62245160836
2	3.54675109409
3	3.57221822849
4	3.39987898378
5	2.95428820132
6	3.68156408529
7	3.70759344508
8	3.48339482934
9	3.4328278649
10	3.59748822707
11	3.03032216123
12	3.53482472516
13	3.43639654589
14	0
15	0
16	0
17	0
18	0
19	0
20	0
 
HMWG algorithm
The number of CPU's used is 13
Allocation strategy
1	3.70449794441
2	3.54675109409
3	3.25344330031
4	3.55144432253
5	3.10936858281
6	3.3265726681
7	3.06119143263
8	3.54685804099
9	3.54016396734
10	3.77726049686
11	3.31998681158
12	3.53482472516
13	3.72763661319
14	0
15	0
16	0
17	0
18	0
19	0
20	0
HMMWG algorithm
The number of CPU's used is 13
Allocation strategy
1	0
2	0
3	3.30853948872
4	0
5	3.0960182708
6	0
7	3.10639447082
8	0
9	3.54697669549
10	3.54650608963
11	0
12	3.46291096839
13	3.77300258841
14	3.76544060772
15	3.51433939923
16	0
17	3.33031087325
18	3.48105498452
19	3.51649328335
20	3.55201227966
Task set: Num Tasks 200 | Util 45 | Pop Size 200

Utilization 45.0
MW Algorithm
The number of CPU's used is 13
1	3.51408349126
2	3.50767131098
3	3.47410033054
4	3.33822318881
5	3.02438245689
6	3.65585264027
7	3.56931094947
8	3.62789251591
9	3.46791099911
10	3.44213012922
11	3.13195361885
12	3.52704824778
13	3.7194401209
14	0
15	0
16	0
17	0
18	0
19	0
20	0
 
HMWG algorithm
The number of CPU's used is 13
Allocation strategy
1	3.72468094463
2	3.50767131098
3	3.32832193465
4	3.44321833101
5	3.02438245689
6	3.31298917023
7	3.29548712109
8	3.54031794568
9	3.7665215987
10	3.53588205449
11	3.24317418502
12	3.54095491767
13	3.73639802897
14	0
15	0
16	0
17	0
18	0
19	0
20	0
HMMWG algorithm
The number of CPU's used is 13
Allocation strategy
1	0
2	0
3	3.30515197189
4	0
5	0
6	0
7	3.10512546542
8	0
9	3.54227256366
10	3.54159033456
11	0
12	3.50850261482
13	3.71937662068
14	3.68530312352
15	3.76972423802
16	3.08300739087
17	3.31166505922
18	3.46636180193
19	3.42479695657
20	3.53712185885
Task set: Num Tasks 300 | Util 45 | Pop Size 200

Utilization 45.0
MW Algorithm
The number of CPU's used is 13
1	3.46019996675
2	3.54609160996
3	3.51600293945
4	3.5156157299
5	3.01135575826
6	3.55381334466
7	3.54938150641
8	3.45476335128
9	3.4487501712
10	3.58637071918
11	3.28464548494
12	3.53769630802
13	3.53531310998
14	0
15	0
16	0
17	0
18	0
19	0
20	0
 
HMWG algorithm
The number of CPU's used is 13
Allocation strategy
1	3.68992758995
2	3.54609160996
3	3.30862057216
4	3.5156157299
5	2.98845874323
6	3.32941991346
7	3.54938150641
8	3.50809032218
9	3.4487501712
10	3.53059537935
11	3.28464548494
12	3.53769630802
13	3.76270666924
14	0
15	0
16	0
17	0
18	0
19	0
20	0
HMMWG algorithm
The number of CPU's used is 13
Allocation strategy
1	0
2	0
3	3.3194775944
4	0
5	0
6	3.27975845543
7	3.31592998405
8	3.74840531117
9	3.43653741581
10	0
11	3.33024214136
12	3.43549367079
13	3.72970857511
14	3.75860280803
15	3.54435993191
16	0
17	3.0782866099
18	3.50826135246
19	3.51493614957
20	0
