Start scheduler

Task set: Num Tasks 100 | Util 20 | Pop Size 200

Utilization 20.0
MW Algorithm
The number of CPU's used is 6
1	3.39555846103
2	3.44129036964
3	3.34110296853
4	3.45663033859
5	3.09526963445
6	3.27014822776
7	0
8	0
9	0
10	0
11	0
12	0
13	0
14	0
15	0
16	0
17	0
18	0
19	0
20	0
 
HMWG algorithm
The number of CPU's used is 6
Allocation strategy
1	3.77267363935
2	3.24507828672
3	3.33049428853
4	3.52403738817
5	3.09526963445
6	3.03244676278
7	0
8	0
9	0
10	0
11	0
12	0
13	0
14	0
15	0
16	0
17	0
18	0
19	0
20	0
HMMWG algorithm
The number of CPU's used is 6
Allocation strategy
1	0
2	0
3	3.32446854768
4	0
5	3.05544651383
6	0
7	0
8	3.52981657772
9	0
10	0
11	3.23828445228
12	0
13	0
14	3.53965305332
15	0
16	0
17	3.31233085518
18	0
19	0
20	0
Task set: Num Tasks 150 | Util 20 | Pop Size 200

Utilization 20.0
MW Algorithm
The number of CPU's used is 6
1	3.49810134394
2	3.39589873916
3	3.36976931468
4	3.41921657622
5	3.0083301681
6	3.30868385791
7	0
8	0
9	0
10	0
11	0
12	0
13	0
14	0
15	0
16	0
17	0
18	0
19	0
20	0
 
HMWG algorithm
The number of CPU's used is 6
Allocation strategy
1	3.68406967891
2	3.31811833887
3	3.31896875851
4	3.49699697651
5	3.0866331638
6	3.0952130834
7	0
8	0
9	0
10	0
11	0
12	0
13	0
14	0
15	0
16	0
17	0
18	0
19	0
20	0
HMMWG algorithm
The number of CPU's used is 6
Allocation strategy
1	0
2	0
3	3.31934652421
4	0
5	0
6	0
7	0
8	3.53422523552
9	0
10	3.33140107536
11	0
12	0
13	0
14	0
15	0
16	0
17	0
18	3.55107246551
19	3.25621498785
20	3.00773971155
Task set: Num Tasks 200 | Util 20 | Pop Size 200

Utilization 20.0
MW Algorithm
The number of CPU's used is 6
1	3.45279990196
2	3.34481042888
3	3.36592523353
4	3.37884728113
5	3.0833630428
6	3.3742541117
7	0
8	0
9	0
10	0
11	0
12	0
13	0
14	0
15	0
16	0
17	0
18	0
19	0
20	0
 
HMWG algorithm
The number of CPU's used is 6
Allocation strategy
1	3.5208232458
2	3.2483542624
3	3.31813221372
4	3.51974802104
5	3.0833630428
6	3.30957921424
7	0
8	0
9	0
10	0
11	0
12	0
13	0
14	0
15	0
16	0
17	0
18	0
19	0
20	0
HMMWG algorithm
The number of CPU's used is 6
Allocation strategy
1	0
2	0
3	0
4	0
5	0
6	0
7	0
8	3.31470628697
9	3.30336399057
10	0
11	0
12	3.32273016896
13	0
14	3.2829035938
15	0
16	0
17	0
18	3.4684349908
19	0
20	3.30786096889
Task set: Num Tasks 300 | Util 20 | Pop Size 200

Utilization 20.0
MW Algorithm
The number of CPU's used is 6
1	3.3854052901
2	3.38537582954
3	3.4357811439
4	3.37049347494
5	3.04193826808
6	3.38100599345
7	0
8	0
9	0
10	0
11	0
12	0
13	0
14	0
15	0
16	0
17	0
18	0
19	0
20	0
 
HMWG algorithm
The number of CPU's used is 6
Allocation strategy
1	3.50963643935
2	3.31923721609
3	3.30261318204
4	3.51154027956
5	3.04193826808
6	3.31503461487
7	0
8	0
9	0
10	0
11	0
12	0
13	0
14	0
15	0
16	0
17	0
18	0
19	0
20	0
HMMWG algorithm
The number of CPU's used is 6
Allocation strategy
1	0
2	0
3	0
4	0
5	3.10204737776
6	3.5194333987
7	0
8	0
9	0
10	0
11	0
12	0
13	0
14	3.48402352718
15	0
16	3.09526812461
17	3.30715324072
18	0
19	3.49207433102
20	0
Task set: Num Tasks 100 | Util 35 | Pop Size 200

Utilization 35.0
MW Algorithm
The number of CPU's used is 10
1	3.69332007967
2	3.55413451022
3	3.52685118919
4	3.32269060603
5	2.86908303698
6	3.62747754222
7	3.53472855957
8	3.50133909441
9	3.59918148833
10	3.77119389339
11	0
12	0
13	0
14	0
15	0
16	0
17	0
18	0
19	0
20	0
 
HMWG algorithm
The number of CPU's used is 10
Allocation strategy
1	3.7549159635
2	3.55413451022
3	3.52685118919
4	3.55312056517
5	3.06917893537
6	3.33269966138
7	3.26616873714
8	3.74123737682
9	3.43129591053
10	3.7703971507
11	0
12	0
13	0
14	0
15	0
16	0
17	0
18	0
19	0
20	0
HMMWG algorithm
The number of CPU's used is 10
Allocation strategy
1	3.7733456141
2	0
3	0
4	3.55413451022
5	0
6	0
7	0
8	3.48513926629
9	0
10	0
11	3.32269060603
12	3.53045821892
13	0
14	3.75385050542
15	0
16	3.07344927601
17	0
18	3.50133909441
19	3.47429729762
20	3.53129561098
Task set: Num Tasks 150 | Util 35 | Pop Size 200

Utilization 35.0
MW Algorithm
The number of CPU's used is 10
1	3.56754485909
2	3.38299278479
3	3.57261370337
4	3.45248646074
5	2.88399855962
6	3.66604903394
7	3.56203931256
8	3.75401716898
9	3.58694084076
10	3.57131727615
11	0
12	0
13	0
14	0
15	0
16	0
17	0
18	0
19	0
20	0
 
HMWG algorithm
The number of CPU's used is 10
Allocation strategy
1	3.77045602131
2	3.48555959007
3	3.47724969594
4	3.48126865314
5	3.08937686424
6	3.32457664527
7	3.30711439921
8	3.73299989994
9	3.71988924993
10	3.61150898095
11	0
12	0
13	0
14	0
15	0
16	0
17	0
18	0
19	0
20	0
HMMWG algorithm
The number of CPU's used is 10
Allocation strategy
1	0
2	0
3	3.30290315482
4	0
5	0
6	0
7	0
8	3.66635184435
9	0
10	3.52787280042
11	0
12	3.54098876083
13	3.74475068817
14	3.7638980999
15	0
16	3.07580856776
17	3.3326013414
18	3.49466324389
19	3.55016149845
20	0
Task set: Num Tasks 200 | Util 35 | Pop Size 200

Utilization 35.0
MW Algorithm
The number of CPU's used is 10
1	3.72093016095
2	3.51626242195
3	3.54991929103
4	3.48454254293
5	3.08808080997
6	3.59840372932
7	3.51563583871
8	3.44995471685
9	3.52354504231
10	3.55272544598
11	0
12	0
13	0
14	0
15	0
16	0
17	0
18	0
19	0
20	0
 
HMWG algorithm
The number of CPU's used is 10
Allocation strategy
1	3.72093016095
2	3.51626242195
3	3.54991929103
4	3.48454254293
5	3.08808080997
6	3.32718571831
7	3.21361497158
8	3.69883754109
9	3.68771745791
10	3.71290908428
11	0
12	0
13	0
14	0
15	0
16	0
17	0
18	0
19	0
20	0
HMMWG algorithm
The number of CPU's used is 10
Allocation strategy
1	0
2	0
3	3.51685456515
4	0
5	0
6	3.30924315878
7	3.29929879963
8	3.47143156813
9	0
10	0
11	0
12	3.55022111211
13	0
14	3.77513477168
15	0
16	0
17	3.30042034546
18	3.52881853443
19	3.69600481192
20	3.55257233269
Task set: Num Tasks 300 | Util 35 | Pop Size 200

Utilization 35.0
MW Algorithm
The number of CPU's used is 10
1	3.64632982189
2	3.54678180589
3	3.54423773088
4	3.53358330445
5	3.0436763324
6	3.55603436537
7	3.54141595441
8	3.50616379455
9	3.53603575552
10	3.54574113464
11	0
12	0
13	0
14	0
15	0
16	0
17	0
18	0
19	0
20	0
 
HMWG algorithm
The number of CPU's used is 10
Allocation strategy
1	3.75746581665
2	3.54678180589
3	3.54423773088
4	3.53358330445
5	3.0436763324
6	3.30909953592
7	3.54141595441
8	3.49610557607
9	3.68189280868
10	3.54574113464
11	0
12	0
13	0
14	0
15	0
16	0
17	0
18	0
19	0
20	0
HMMWG algorithm
The number of CPU's used is 10
Allocation strategy
1	3.77599691899
2	0
3	3.3087177031
4	0
5	0
6	0
7	0
8	3.52775607994
9	3.43390977141
10	3.51688960988
11	0
12	3.47397030638
13	3.69166253854
14	3.51604798314
15	0
16	0
17	3.2650739536
18	0
19	0
20	3.48997513502
Task set: Num Tasks 100 | Util 45 | Pop Size 200

Utilization 45.0
MW Algorithm
The number of CPU's used is 14
1	3.28703973243
2	3.10139433962
3	3.27321726911
4	3.40691656696
5	2.89537235353
6	3.06167835434
7	3.05394397842
8	3.77839241388
9	3.25998128746
10	3.4610689104
11	3.07375348321
12	3.11215453107
13	3.05367284877
14	3.18141393078
15	0
16	0
17	0
18	0
19	0
20	0
 
HMWG algorithm
The number of CPU's used is 14
Allocation strategy
1	3.76477259243
2	3.26330123274
3	3.29443061189
4	3.52776235932
5	3.07258847107
6	2.88843800364
7	1.95173904253
8	3.21349772457
9	3.25998128746
10	3.31676444344
11	3.09956587462
12	3.50620462778
13	3.31755003205
14	3.52340369643
15	0
16	0
17	0
18	0
19	0
20	0
HMMWG algorithm
The number of CPU's used is 13
Allocation strategy
1	0
2	0
3	3.47688616332
4	3.49365553861
5	0
6	3.3180657626
7	3.0552515036
8	3.67813623158
9	3.5401685169
10	0
11	3.2896685919
12	3.54585216803
13	3.77166572822
14	3.47412844509
15	0
16	0
17	3.31021356986
18	0
19	3.49999341067
20	3.54631436962
Task set: Num Tasks 150 | Util 45 | Pop Size 200

Utilization 45.0
MW Algorithm
The number of CPU's used is 13
1	3.46104918986
2	3.44441948116
3	3.39043616602
4	3.27141882765
5	3.10748007987
6	3.50250451558
7	3.58497542857
8	3.69420744018
9	3.55781399141
10	3.68645680406
11	3.27994061713
12	3.54594110909
13	3.47335634942
14	0
15	0
16	0
17	0
18	0
19	0
20	0
 
HMWG algorithm
The number of CPU's used is 13
Allocation strategy
1	3.70552918534
2	3.5026515178
3	3.54769255869
4	3.47105950592
5	3.09135450938
6	3.26649843072
7	3.31724134203
8	3.52392346895
9	3.51083693374
10	3.48319942117
11	3.26785594431
12	3.54594110909
13	3.76621607286
14	0
15	0
16	0
17	0
18	0
19	0
20	0
HMMWG algorithm
The number of CPU's used is 13
Allocation strategy
1	0
2	0
3	3.33143762936
4	3.44441948116
5	0
6	3.3027659257
7	3.26216465764
8	0
9	3.502992741
10	3.55026424572
11	3.32754612789
12	0
13	3.69420744018
14	3.77126093103
15	0
16	0
17	3.32037376146
18	3.52654385811
19	3.46479776337
20	3.50122543737
Task set: Num Tasks 200 | Util 45 | Pop Size 200

Utilization 45.0
MW Algorithm
The number of CPU's used is 13
1	3.57354854624
2	3.43319360133
3	3.73216306446
4	3.28605226988
5	2.9873235583
6	3.38854376207
7	3.49004765722
8	3.71528385572
9	3.60362391388
10	3.38795884238
11	3.22489209863
12	3.5260743809
13	3.65129444898
14	0
15	0
16	0
17	0
18	0
19	0
20	0
 
HMWG algorithm
The number of CPU's used is 13
Allocation strategy
1	3.6601263462
2	3.46835808099
3	3.31951289936
4	3.54397785043
5	3.10834634169
6	3.28009965676
7	3.32523656215
8	3.76367107145
9	3.45809025657
10	3.50330185187
11	3.27916132983
12	3.51488195751
13	3.77523579518
14	0
15	0
16	0
17	0
18	0
19	0
20	0
HMMWG algorithm
The number of CPU's used is 13
Allocation strategy
1	3.76244695881
2	0
3	0
4	0
5	3.0940750209
6	0
7	3.3056566174
8	3.48436959556
9	3.54978552734
10	3.49382431449
11	3.32864803117
12	3.55419522415
13	3.74067672604
14	0
15	3.53907224944
16	3.05092261358
17	0
18	3.55128925907
19	3.54503786205
20	0
Task set: Num Tasks 300 | Util 45 | Pop Size 200

Utilization 45.0
MW Algorithm
The number of CPU's used is 13
1	3.55831566656
2	3.40295721201
3	3.65202906034
4	3.48867666379
5	3.03800864663
6	3.46355521186
7	3.50547708247
8	3.4657916915
9	3.53410704291
10	3.56898197705
11	3.2459381015
12	3.46927002776
13	3.60689161563
14	0
15	0
16	0
17	0
18	0
19	0
20	0
 
HMWG algorithm
The number of CPU's used is 13
Allocation strategy
1	3.70680374192
2	3.49381608308
3	3.55487781994
4	3.46404313268
5	3.10982820852
6	3.26947575089
7	3.28691323757
8	3.52948309082
9	3.49900607277
10	3.75374427189
11	3.29724678755
12	3.50189640041
13	3.53286540196
14	0
15	0
16	0
17	0
18	0
19	0
20	0
HMMWG algorithm
The number of CPU's used is 13
Allocation strategy
1	0
2	0
3	3.54789986456
4	0
5	0
6	0
7	3.31249867634
8	3.49197069022
9	3.53742060049
10	3.47257061648
11	3.24187554086
12	3.52218421912
13	3.70715104041
14	3.51412712479
15	3.5479847901
16	0
17	3.33332757334
18	0
19	3.45289132231
20	3.31809794099
