Start scheduler

Task set: Num Tasks 100 | Util 20 | Pop Size 200

Utilization 20.0
MW Algorithm
The number of CPU's used is 6
1	3.28545095751
2	3.34013218752
3	3.5022416106
4	3.22710792331
5	3.06993909404
6	3.57512822702
7	0
8	0
9	0
10	0
11	0
12	0
13	0
14	0
15	0
16	0
17	0
18	0
19	0
20	0
 
HMWG algorithm
The number of CPU's used is 6
Allocation strategy
1	3.66192746877
2	3.31144395016
3	3.3195518206
4	3.53290658177
5	3.09318463126
6	3.08098554744
7	0
8	0
9	0
10	0
11	0
12	0
13	0
14	0
15	0
16	0
17	0
18	0
19	0
20	0
HMMWG algorithm
The number of CPU's used is 6
Allocation strategy
1	0
2	0
3	0
4	0
5	0
6	0
7	0
8	0
9	0
10	0
11	0
12	3.3149477847
13	3.30179369658
14	3.55107195748
15	0
16	0
17	3.0745932213
18	3.44462355624
19	3.3129697837
20	0
Task set: Num Tasks 150 | Util 20 | Pop Size 200

Utilization 20.0
MW Algorithm
The number of CPU's used is 6
1	3.37697452666
2	3.51687078564
3	3.32872906216
4	3.31856120194
5	2.95808589451
6	3.50077852911
7	0
8	0
9	0
10	0
11	0
12	0
13	0
14	0
15	0
16	0
17	0
18	0
19	0
20	0
 
HMWG algorithm
The number of CPU's used is 6
Allocation strategy
1	3.69431822682
2	3.30812573118
3	3.28500331019
4	3.5371967913
5	3.08039667926
6	3.09495926126
7	0
8	0
9	0
10	0
11	0
12	0
13	0
14	0
15	0
16	0
17	0
18	0
19	0
20	0
HMMWG algorithm
The number of CPU's used is 6
Allocation strategy
1	0
2	0
3	0
4	0
5	3.09249596206
6	0
7	0
8	0
9	0
10	0
11	3.2674088666
12	3.50407509129
13	0
14	0
15	0
16	0
17	0
18	3.53563306455
19	3.3180741427
20	3.28231287281
Task set: Num Tasks 200 | Util 20 | Pop Size 200

Utilization 20.0
MW Algorithm
The number of CPU's used is 6
1	3.39011148981
2	3.40342082865
3	3.40830120356
4	3.4246281724
5	3.06539691304
6	3.30814139254
7	0
8	0
9	0
10	0
11	0
12	0
13	0
14	0
15	0
16	0
17	0
18	0
19	0
20	0
 
HMWG algorithm
The number of CPU's used is 6
Allocation strategy
1	3.32780514231
2	3.30310186264
3	3.51360928978
4	3.48194539969
5	3.06539691304
6	3.30814139254
7	0
8	0
9	0
10	0
11	0
12	0
13	0
14	0
15	0
16	0
17	0
18	0
19	0
20	0
HMMWG algorithm
The number of CPU's used is 6
Allocation strategy
1	0
2	0
3	0
4	0
5	0
6	0
7	0
8	3.5349600981
9	3.25857222036
10	0
11	0
12	3.32529396166
13	0
14	3.50763541429
15	0
16	3.06539691304
17	0
18	0
19	3.30814139254
20	0
Task set: Num Tasks 300 | Util 20 | Pop Size 200

Utilization 20.0
MW Algorithm
The number of CPU's used is 6
1	3.39417543764
2	3.40878180613
3	3.36969936216
4	3.38398103898
5	3.04258371001
6	3.40077864508
7	0
8	0
9	0
10	0
11	0
12	0
13	0
14	0
15	0
16	0
17	0
18	0
19	0
20	0
 
HMWG algorithm
The number of CPU's used is 6
Allocation strategy
1	3.55335120008
2	3.55291096492
3	3.31919460817
4	3.38398103898
5	2.88340794757
6	3.30715424028
7	0
8	0
9	0
10	0
11	0
12	0
13	0
14	0
15	0
16	0
17	0
18	0
19	0
20	0
HMMWG algorithm
The number of CPU's used is 6
Allocation strategy
1	0
2	0
3	0
4	0
5	3.05279289298
6	0
7	3.53710125737
8	0
9	3.51547806062
10	0
11	0
12	0
13	0
14	0
15	0
16	3.06109630047
17	3.30882587152
18	0
19	0
20	3.52470561702
Task set: Num Tasks 100 | Util 35 | Pop Size 200

Utilization 35.0
MW Algorithm
The number of CPU's used is 10
1	3.60955887377
2	3.29320132654
3	3.25687254869
4	3.14517705746
5	2.97214680123
6	3.57044395236
7	3.71947908572
8	3.89943306312
9	3.7968309302
10	3.73685636092
11	0
12	0
13	0
14	0
15	0
16	0
17	0
18	0
19	0
20	0
 
HMWG algorithm
The number of CPU's used is 10
Allocation strategy
1	3.75372905843
2	3.50131079781
3	3.5123042973
4	3.52492773853
5	3.10496798538
6	3.264038931
7	3.31428655199
8	3.77120802239
9	3.5551318968
10	3.69809472037
11	0
12	0
13	0
14	0
15	0
16	0
17	0
18	0
19	0
20	0
HMMWG algorithm
The number of CPU's used is 10
Allocation strategy
1	0
2	0
3	3.45300597511
4	0
5	3.03738991631
6	3.30770328169
7	0
8	3.7751825718
9	0
10	3.76050447553
11	3.29131557054
12	0
13	3.76726981654
14	0
15	0
16	0
17	0
18	3.55137526861
19	3.50980995379
20	3.54644317008
Task set: Num Tasks 150 | Util 35 | Pop Size 200

Utilization 35.0
MW Algorithm
The number of CPU's used is 10
1	3.58734094965
2	3.53396335363
3	3.68769320168
4	3.49635915308
5	3.04209431767
6	3.40976521479
7	3.63103100678
8	3.51412837752
9	3.59360728613
10	3.50401713908
11	0
12	0
13	0
14	0
15	0
16	0
17	0
18	0
19	0
20	0
 
HMWG algorithm
The number of CPU's used is 10
Allocation strategy
1	3.71880570017
2	3.53396335363
3	3.41168690646
4	3.49635915308
5	3.04209431767
6	3.51806811732
7	3.30877762561
8	3.71259923059
9	3.55528035166
10	3.70236524382
11	0
12	0
13	0
14	0
15	0
16	0
17	0
18	0
19	0
20	0
HMMWG algorithm
The number of CPU's used is 10
Allocation strategy
1	0
2	3.52399481506
3	0
4	0
5	0
6	0
7	0
8	3.71526257368
9	3.5115561232
10	3.42849429628
11	3.23276504205
12	0
13	3.77248981892
14	3.7558027541
15	0
16	3.10856494068
17	0
18	3.46699348302
19	3.484076153
20	0
Task set: Num Tasks 200 | Util 35 | Pop Size 200

Utilization 35.0
MW Algorithm
The number of CPU's used is 10
1	3.53414506688
2	3.46352319306
3	3.7089148294
4	3.4348121072
5	3.07086483674
6	3.56470002631
7	3.50638402952
8	3.54929621496
9	3.53927429541
10	3.62808540051
11	0
12	0
13	0
14	0
15	0
16	0
17	0
18	0
19	0
20	0
 
HMWG algorithm
The number of CPU's used is 10
Allocation strategy
1	3.76339272959
2	3.42591689046
3	3.32984542783
4	3.54392520782
5	3.07086483674
6	3.28103406093
7	3.55510482677
8	3.72313770265
9	3.54419321255
10	3.76258510465
11	0
12	0
13	0
14	0
15	0
16	0
17	0
18	0
19	0
20	0
HMMWG algorithm
The number of CPU's used is 10
Allocation strategy
1	0
2	0
3	3.32745697464
4	0
5	0
6	0
7	0
8	3.51711648525
9	0
10	3.51277655563
11	0
12	3.54351404231
13	3.77405361654
14	3.48249177984
15	0
16	0
17	3.27144178519
18	3.50269686311
19	3.53927429541
20	3.52917760209
Task set: Num Tasks 300 | Util 35 | Pop Size 200

Utilization 35.0
MW Algorithm
The number of CPU's used is 10
1	3.51949903887
2	3.49902051245
3	3.59446256721
4	3.52163845491
5	3.03346931641
6	3.53391820476
7	3.60393045382
8	3.52246363121
9	3.62168950754
10	3.54990831282
11	0
12	0
13	0
14	0
15	0
16	0
17	0
18	0
19	0
20	0
 
HMWG algorithm
The number of CPU's used is 10
Allocation strategy
1	3.70986224985
2	3.49902051245
3	3.52891163746
4	3.52163845491
5	3.0674447123
6	3.53391820476
7	3.31289069556
8	3.51838882718
9	3.75801639271
10	3.54990831282
11	0
12	0
13	0
14	0
15	0
16	0
17	0
18	0
19	0
20	0
HMMWG algorithm
The number of CPU's used is 10
Allocation strategy
1	0
2	0
3	0
4	0
5	0
6	0
7	3.55489584385
8	3.54196606276
9	3.54232268299
10	3.73530371008
11	0
12	3.52577016771
13	0
14	0
15	3.71286655592
16	3.09067306204
17	3.25431743527
18	0
19	3.55206901329
20	3.48981546609
Task set: Num Tasks 100 | Util 45 | Pop Size 200

Utilization 45.0
MW Algorithm
The number of CPU's used is 14
1	3.33573662263
2	3.0537761432
3	3.36636606476
4	3.02630563704
5	3.09131078919
6	3.02373359581
7	3.00893178903
8	3.30020978688
9	3.28476228727
10	3.18761091403
11	3.13732382536
12	3.34496353476
13	3.576199745
14	3.26276926504
15	0
16	0
17	0
18	0
19	0
20	0
 
HMWG algorithm
The number of CPU's used is 14
Allocation strategy
1	3.71018322664
2	3.2919206219
3	3.10682499084
4	3.32454499908
5	3.09131078919
6	3.31214840386
7	2.97931894459
8	3.30020978688
9	3.28005536594
10	3.52866591746
11	3.25114208416
12	3.55358920513
13	3.32594169249
14	1.94414397182
15	0
16	0
17	0
18	0
19	0
20	0
HMMWG algorithm
The number of CPU's used is 13
Allocation strategy
1	3.76439061355
2	0
3	3.32954459603
4	0
5	3.09774307441
6	0
7	3.06877080781
8	3.76303508546
9	3.32226490717
10	3.54902135612
11	3.30561283569
12	3.52302550151
13	3.72133633866
14	3.73124660482
15	0
16	0
17	3.32648086335
18	0
19	0
20	3.49752741542
Task set: Num Tasks 150 | Util 45 | Pop Size 200

Utilization 45.0
MW Algorithm
The number of CPU's used is 13
1	3.42132738795
2	3.12826619619
3	3.46707740694
4	3.33367114434
5	2.94618180514
6	3.75807610948
7	3.66393715297
8	3.68380566409
9	3.69926562233
10	3.59798531122
11	3.31292124076
12	3.46129323635
13	3.52619172224
14	0
15	0
16	0
17	0
18	0
19	0
20	0
 
HMWG algorithm
The number of CPU's used is 13
Allocation strategy
1	3.77027079776
2	3.55108155269
3	3.31845951946
4	3.53563126404
5	2.99206655563
6	3.10906883762
7	3.10675220238
8	3.74713606354
9	3.49923571288
10	3.76947011013
11	3.31583101029
12	3.53279083621
13	3.75220553737
14	0
15	0
16	0
17	0
18	0
19	0
20	0
HMMWG algorithm
The number of CPU's used is 13
Allocation strategy
1	3.72545473555
2	0
3	3.32159278612
4	3.46707740694
5	3.05085475385
6	0
7	0
8	3.54435966094
9	3.29840162592
10	3.4949296342
11	0
12	3.51632303001
13	3.67759352307
14	3.51956688836
15	0
16	0
17	3.30811355948
18	3.55271387089
19	0
20	3.52301852466
Task set: Num Tasks 200 | Util 45 | Pop Size 200

Utilization 45.0
MW Algorithm
The number of CPU's used is 13
1	3.50488989061
2	3.48637678339
3	3.69589585744
4	3.34539907692
5	3.08243834423
6	3.55840495005
7	3.64930266247
8	3.44901034046
9	3.53362544739
10	3.48152093126
11	3.11286450863
12	3.37512708103
13	3.7251441261
14	0
15	0
16	0
17	0
18	0
19	0
20	0
 
HMWG algorithm
The number of CPU's used is 13
Allocation strategy
1	3.75369790171
2	3.5502710829
3	3.28573605982
4	3.45961816717
5	3.09349812141
6	3.31030056179
7	3.55535230964
8	3.76431307055
9	3.32085803799
10	3.55114781639
11	3.30983817675
12	3.52859484309
13	3.5167738508
14	0
15	0
16	0
17	0
18	0
19	0
20	0
HMMWG algorithm
The number of CPU's used is 13
Allocation strategy
1	0
2	0
3	0
4	3.50363685126
5	0
6	0
7	0
8	3.44201291552
9	3.49473885191
10	3.55082486003
11	3.28698206299
12	3.55478375921
13	0
14	3.51637649175
15	3.77351378252
16	3.01387491233
17	3.31351977137
18	3.53704892652
19	3.48437844187
20	3.52830837273
Task set: Num Tasks 300 | Util 45 | Pop Size 200

Utilization 45.0
MW Algorithm
The number of CPU's used is 13
1	3.57328549304
2	3.43950856775
3	3.54139908067
4	3.44192930592
5	3.08196709862
6	3.50225926768
7	3.51813543257
8	3.62571815253
9	3.55829724288
10	3.59697787854
11	3.30127248359
12	3.30630415613
13	3.51294584006
14	0
15	0
16	0
17	0
18	0
19	0
20	0
 
HMWG algorithm
The number of CPU's used is 13
Allocation strategy
1	3.72459848864
2	3.22089740803
3	3.54139908067
4	3.4870091822
5	3.08196709862
6	3.29271336347
7	3.29024992979
8	3.54782605909
9	3.74863884701
10	3.52291470387
11	3.30127248359
12	3.47542523764
13	3.76508811738
14	0
15	0
16	0
17	0
18	0
19	0
20	0
HMMWG algorithm
The number of CPU's used is 13
Allocation strategy
1	0
2	0
3	3.24964019474
4	3.54293332822
5	3.05199055506
6	0
7	3.28778533737
8	3.70478116041
9	3.53099635656
10	3.76736412657
11	0
12	3.43019438761
13	0
14	3.71057335101
15	0
16	0
17	3.23035084123
18	3.43929268493
19	3.55108467531
20	3.50301300096
