Start scheduler

Task set: Num Tasks 100 | Util 20 | Pop Size 200

Utilization 20.0
MW Algorithm
The number of CPU's used is 6
1	3.36516360927
2	3.37102352676
3	3.38461416164
4	3.35386356566
5	3.03402548514
6	3.49130965152
7	0
8	0
9	0
10	0
11	0
12	0
13	0
14	0
15	0
16	0
17	0
18	0
19	0
20	0
 
HMWG algorithm
The number of CPU's used is 6
Allocation strategy
1	3.76562020618
2	3.32163708833
3	3.2174337049
4	3.48532429504
5	3.10887562956
6	3.10110907599
7	0
8	0
9	0
10	0
11	0
12	0
13	0
14	0
15	0
16	0
17	0
18	0
19	0
20	0
HMMWG algorithm
The number of CPU's used is 6
Allocation strategy
1	0
2	0
3	3.11095278936
4	0
5	0
6	0
7	0
8	3.28201077908
9	0
10	3.27130345594
11	0
12	3.54676970457
13	0
14	3.49509742261
15	0
16	0
17	3.29386584845
18	0
19	0
20	0
Task set: Num Tasks 150 | Util 20 | Pop Size 200

Utilization 20.0
MW Algorithm
The number of CPU's used is 6
1	3.39329860656
2	3.43392415074
3	3.4289790849
4	3.41394149192
5	2.95887224321
6	3.37098442268
7	0
8	0
9	0
10	0
11	0
12	0
13	0
14	0
15	0
16	0
17	0
18	0
19	0
20	0
 
HMWG algorithm
The number of CPU's used is 6
Allocation strategy
1	3.54613693765
2	3.28722367979
3	3.32625480077
4	3.52668749682
5	2.79601219134
6	3.51768489363
7	0
8	0
9	0
10	0
11	0
12	0
13	0
14	0
15	0
16	0
17	0
18	0
19	0
20	0
HMMWG algorithm
The number of CPU's used is 6
Allocation strategy
1	0
2	0
3	3.09178250515
4	0
5	0
6	0
7	0
8	0
9	0
10	0
11	0
12	0
13	3.53009005251
14	3.52918778631
15	0
16	0
17	3.10262365484
18	3.49033299929
19	0
20	3.2559830019
Task set: Num Tasks 200 | Util 20 | Pop Size 200

Utilization 20.0
MW Algorithm
The number of CPU's used is 6
1	3.38136121354
2	3.41114568788
3	3.40120668676
4	3.36089278968
5	2.97594466684
6	3.4694489553
7	0
8	0
9	0
10	0
11	0
12	0
13	0
14	0
15	0
16	0
17	0
18	0
19	0
20	0
 
HMWG algorithm
The number of CPU's used is 6
Allocation strategy
1	3.5283212523
2	3.32689421933
3	3.31632087037
4	3.44514425823
5	3.06083048323
6	3.32248891654
7	0
8	0
9	0
10	0
11	0
12	0
13	0
14	0
15	0
16	0
17	0
18	0
19	0
20	0
HMMWG algorithm
The number of CPU's used is 6
Allocation strategy
1	0
2	0
3	0
4	0
5	0
6	0
7	3.05379139794
8	3.55230768274
9	0
10	0
11	0
12	3.23617819834
13	0
14	3.29902924903
15	0
16	0
17	0
18	0
19	3.55430657813
20	3.30438689381
Task set: Num Tasks 300 | Util 20 | Pop Size 200

Utilization 20.0
MW Algorithm
The number of CPU's used is 6
1	3.36806908417
2	3.41109219383
3	3.41199877831
4	3.36954234998
5	3.09094718477
6	3.34835040894
7	0
8	0
9	0
10	0
11	0
12	0
13	0
14	0
15	0
16	0
17	0
18	0
19	0
20	0
 
HMWG algorithm
The number of CPU's used is 6
Allocation strategy
1	3.4659116963
2	3.33116548413
3	3.54820459878
4	3.30491378901
5	3.03937569767
6	3.3104287341
7	0
8	0
9	0
10	0
11	0
12	0
13	0
14	0
15	0
16	0
17	0
18	0
19	0
20	0
HMMWG algorithm
The number of CPU's used is 6
Allocation strategy
1	0
2	0
3	0
4	0
5	0
6	0
7	0
8	3.33078869704
9	0
10	0
11	0
12	3.49754428828
13	0
14	3.48436875586
15	0
16	0
17	3.04144888075
18	0
19	3.31971933321
20	3.32613004486
Task set: Num Tasks 100 | Util 35 | Pop Size 200

Utilization 35.0
MW Algorithm
The number of CPU's used is 10
1	3.49455188116
2	3.40364660724
3	3.41216730404
4	3.43701811752
5	2.86182426129
6	3.75860925678
7	3.65123128238
8	3.71520939759
9	3.59735237548
10	3.66838951652
11	0
12	0
13	0
14	0
15	0
16	0
17	0
18	0
19	0
20	0
 
HMWG algorithm
The number of CPU's used is 10
Allocation strategy
1	3.7057342042
2	3.53083375208
3	3.32878833847
4	3.49969212246
5	3.0556413965
6	3.32067686822
7	3.32692824359
8	3.76256140567
9	3.75449173498
10	3.71465193384
11	0
12	0
13	0
14	0
15	0
16	0
17	0
18	0
19	0
20	0
HMMWG algorithm
The number of CPU's used is 10
Allocation strategy
1	0
2	0
3	0
4	0
5	0
6	3.33100957433
7	3.31452786496
8	3.77672076856
9	3.52348619136
10	3.76098694286
11	3.22276577693
12	0
13	0
14	3.77551295316
15	0
16	0
17	3.32870793275
18	0
19	3.50957704973
20	3.45670494537
Task set: Num Tasks 150 | Util 35 | Pop Size 200

Utilization 35.0
MW Algorithm
The number of CPU's used is 10
1	3.59937173637
2	3.40925955641
3	3.42519826517
4	3.49599858614
5	3.08547810883
6	3.62469217872
7	3.72027555502
8	3.45504343663
9	3.6783896977
10	3.50629287901
11	0
12	0
13	0
14	0
15	0
16	0
17	0
18	0
19	0
20	0
 
HMWG algorithm
The number of CPU's used is 10
Allocation strategy
1	3.7138312701
2	3.53742094694
3	3.32475927944
4	3.49599858614
5	3.08547810883
6	3.54943778924
7	3.31272739559
8	3.66605253424
9	3.53868664749
10	3.77560744199
11	0
12	0
13	0
14	0
15	0
16	0
17	0
18	0
19	0
20	0
HMMWG algorithm
The number of CPU's used is 10
Allocation strategy
1	0
2	0
3	3.31523710236
4	0
5	0
6	0
7	0
8	3.55031036611
9	3.99778885005
10	3.51014048676
11	0
12	0
13	3.73526697171
14	3.54009919819
15	3.50799375386
16	3.06808026761
17	3.27276120511
18	0
19	3.50232179824
20	0
Task set: Num Tasks 200 | Util 35 | Pop Size 200

Utilization 35.0
MW Algorithm
The number of CPU's used is 10
1	3.54702619881
2	3.42806640571
3	3.69209555166
4	3.45433019013
5	3.01341249845
6	3.6571290423
7	3.58696322467
8	3.64711995489
9	3.54816630819
10	3.42569062518
11	0
12	0
13	0
14	0
15	0
16	0
17	0
18	0
19	0
20	0
 
HMWG algorithm
The number of CPU's used is 10
Allocation strategy
1	3.74082858509
2	3.54463245687
3	3.50662426919
4	3.45433019013
5	3.01341249845
6	3.31476987143
7	3.31604260292
8	3.68824394434
9	3.73452704309
10	3.6865885385
11	0
12	0
13	0
14	0
15	0
16	0
17	0
18	0
19	0
20	0
HMMWG algorithm
The number of CPU's used is 10
Allocation strategy
1	3.77146767275
2	0
3	3.32325843583
4	0
5	0
6	0
7	0
8	3.54786497872
9	3.53577300059
10	0
11	3.24765463409
12	0
13	3.74986381594
14	0
15	0
16	0
17	3.23773801966
18	3.5079589342
19	3.54770757958
20	3.53071292862
Task set: Num Tasks 300 | Util 35 | Pop Size 200

Utilization 35.0
MW Algorithm
The number of CPU's used is 10
1	3.6034808418
2	3.48424659706
3	3.55128684865
4	3.44469496601
5	2.96935213053
6	3.56511945278
7	3.57548760195
8	3.61491469442
9	3.62088804774
10	3.57052881905
11	0
12	0
13	0
14	0
15	0
16	0
17	0
18	0
19	0
20	0
 
HMWG algorithm
The number of CPU's used is 10
Allocation strategy
1	3.77228380515
2	3.28214982376
3	3.32004574721
4	3.55003240201
5	3.08303434461
6	3.30316760677
7	3.54281709344
8	3.7566251851
9	3.71445902869
10	3.67538496326
11	0
12	0
13	0
14	0
15	0
16	0
17	0
18	0
19	0
20	0
HMMWG algorithm
The number of CPU's used is 10
Allocation strategy
1	0
2	0
3	3.32706059978
4	3.51700165836
5	0
6	0
7	0
8	3.49113487412
9	3.55174795281
10	3.55189609821
11	0
12	3.49612635426
13	0
14	0
15	3.54760988302
16	0
17	0
18	3.54865953944
19	3.51552494122
20	3.45323809877
Task set: Num Tasks 100 | Util 45 | Pop Size 200

Utilization 45.0
MW Algorithm
The number of CPU's used is 14
1	3.21572479932
2	3.00610574025
3	3.28515407028
4	3.38639625513
5	2.29110795963
6	3.41792041463
7	3.1347223385
8	3.41706901577
9	3.14234923225
10	3.10468375424
11	3.28755044301
12	3.50761558227
13	3.43572089423
14	3.36787950049
15	0
16	0
17	0
18	0
19	0
20	0
 
HMWG algorithm
The number of CPU's used is 14
Allocation strategy
1	3.31285109585
2	3.06316023922
3	3.09658141459
4	3.55324310391
5	2.8485766247
6	3.31834927055
7	2.8714573892
8	3.31998166466
9	3.32817897203
10	3.09177847124
11	3.28755044301
12	3.51804299817
13	3.30168202693
14	3.08856628594
15	0
16	0
17	0
18	0
19	0
20	0
HMMWG algorithm
The number of CPU's used is 13
Allocation strategy
1	0
2	0
3	3.3019472371
4	3.53064307455
5	0
6	0
7	0
8	3.54906503735
9	3.53944859209
10	3.52832792876
11	3.3145795761
12	3.55128668313
13	3.53484378516
14	3.67489638271
15	3.73544044213
16	0
17	3.0968440546
18	0
19	3.32258145138
20	3.32009575495
Task set: Num Tasks 150 | Util 45 | Pop Size 200

Utilization 45.0
MW Algorithm
The number of CPU's used is 13
1	3.6029948562
2	3.46732235958
3	3.67841865494
4	3.19610133478
5	2.92696263502
6	3.47400229461
7	3.4860170882
8	3.82647458508
9	3.6816377598
10	3.68585484484
11	3.24289527863
12	3.31485435702
13	3.41646395131
14	0
15	0
16	0
17	0
18	0
19	0
20	0
 
HMWG algorithm
The number of CPU's used is 13
Allocation strategy
1	3.75872139696
2	3.55376613755
3	3.31992953565
4	3.50283689022
5	3.05130669383
6	3.33004530425
7	3.54821013232
8	3.53916081456
9	3.49490550995
10	3.5529407438
11	3.30507561397
12	3.5364949266
13	3.50660630033
14	0
15	0
16	0
17	0
18	0
19	0
20	0
HMMWG algorithm
The number of CPU's used is 13
Allocation strategy
1	0
2	0
3	3.53660465461
4	0
5	3.02805322712
6	3.27471616816
7	3.26948438342
8	0
9	3.75716721656
10	3.76702198251
11	3.26681601627
12	3.48847931535
13	0
14	3.75250651084
15	0
16	3.02663994261
17	0
18	3.52096818395
19	3.77389683618
20	3.53764556241
Task set: Num Tasks 200 | Util 45 | Pop Size 200

Utilization 45.0
MW Algorithm
The number of CPU's used is 13
1	3.43466838435
2	3.49362816345
3	3.75095295154
4	3.45660989978
5	3.06725874205
6	3.65630145138
7	3.42591801399
8	3.58247369869
9	3.40309530273
10	3.62251785563
11	3.21405910316
12	3.39672299032
13	3.49579344293
14	0
15	0
16	0
17	0
18	0
19	0
20	0
 
HMWG algorithm
The number of CPU's used is 13
Allocation strategy
1	3.75838165042
2	3.44712379048
3	3.25161737875
4	3.45660989978
5	3.11021147049
6	3.32470354594
7	3.28057130331
8	3.55173565109
9	3.54788787977
10	3.76509538106
11	3.27979767546
12	3.54483438682
13	3.68142998664
14	0
15	0
16	0
17	0
18	0
19	0
20	0
HMMWG algorithm
The number of CPU's used is 13
Allocation strategy
1	0
2	0
3	3.30100460377
4	3.47201841392
5	3.04614932358
6	0
7	3.32370262305
8	3.71975880405
9	3.73496309826
10	0
11	3.28542935266
12	3.53478847969
13	0
14	3.75793479302
15	0
16	0
17	3.28597155377
18	3.54773594418
19	3.48432897503
20	3.50621403504
Task set: Num Tasks 300 | Util 45 | Pop Size 200

Utilization 45.0
MW Algorithm
The number of CPU's used is 13
1	3.64911326149
2	3.44803139817
3	3.58134967911
4	3.49071459646
5	3.02669244188
6	3.56125737237
7	3.64291459452
8	3.48670357375
9	3.49194268667
10	3.51559233954
11	3.13631169685
12	3.39989592936
13	3.56948042983
14	0
15	0
16	0
17	0
18	0
19	0
20	0
 
HMWG algorithm
The number of CPU's used is 13
Allocation strategy
1	3.74661058948
2	3.44621461127
3	3.55452359031
4	3.49071459646
5	3.06010145441
6	3.26015690146
7	3.10658111115
8	3.75867512162
9	3.53724230297
10	3.51535796296
11	3.23791820352
12	3.54163674118
13	3.7442668132
14	0
15	0
16	0
17	0
18	0
19	0
20	0
HMMWG algorithm
The number of CPU's used is 13
Allocation strategy
1	3.69608831423
2	0
3	3.3222827733
4	3.51807420746
5	0
6	0
7	0
8	3.30204879045
9	3.53542992895
10	3.53371494362
11	0
12	3.47061455761
13	3.53382597862
14	3.47318595247
15	0
16	0
17	3.27848478567
18	3.54250121704
19	3.5525536058
20	3.2411949448
