Start scheduler

Task set: Num Tasks 100 | Util 20 | Pop Size 200

Utilization 20.0
MW Algorithm
The number of CPU's used is 6
1	3.58339066007
2	3.41513279859
3	3.32905758807
4	3.34666872802
5	2.99104534233
6	3.33470488292
7	0
8	0
9	0
10	0
11	0
12	0
13	0
14	0
15	0
16	0
17	0
18	0
19	0
20	0
 
HMWG algorithm
The number of CPU's used is 6
Allocation strategy
1	3.76849822449
2	3.33280447697
3	3.32905758807
4	3.47090446098
5	3.03686930353
6	3.06186594596
7	0
8	0
9	0
10	0
11	0
12	0
13	0
14	0
15	0
16	0
17	0
18	0
19	0
20	0
HMMWG algorithm
The number of CPU's used is 6
Allocation strategy
1	0
2	0
3	3.27723943763
4	0
5	0
6	0
7	0
8	0
9	3.33034735746
10	3.29602774124
11	0
12	3.54030363131
13	0
14	0
15	0
16	0
17	0
18	0
19	3.28801127609
20	3.26807055627
Task set: Num Tasks 150 | Util 20 | Pop Size 200

Utilization 20.0
MW Algorithm
The number of CPU's used is 6
1	3.43830683768
2	3.32359282009
3	3.4777319016
4	3.29632154509
5	3.08545310276
6	3.37859379278
7	0
8	0
9	0
10	0
11	0
12	0
13	0
14	0
15	0
16	0
17	0
18	0
19	0
20	0
 
HMWG algorithm
The number of CPU's used is 6
Allocation strategy
1	3.48121773308
2	3.31072943099
3	3.53439604964
4	3.5453524466
5	3.05082915838
6	3.07747518132
7	0
8	0
9	0
10	0
11	0
12	0
13	0
14	0
15	0
16	0
17	0
18	0
19	0
20	0
HMMWG algorithm
The number of CPU's used is 6
Allocation strategy
1	0
2	0
3	0
4	0
5	0
6	0
7	3.08429023963
8	3.5095618235
9	3.4902259754
10	0
11	0
12	0
13	0
14	0
15	0
16	3.08129140184
17	3.29822020234
18	0
19	3.53641035728
20	0
Task set: Num Tasks 200 | Util 20 | Pop Size 200

Utilization 20.0
MW Algorithm
The number of CPU's used is 6
1	3.38058541032
2	3.38376747903
3	3.40525403614
4	3.42955192173
5	3.07462582651
6	3.32621532626
7	0
8	0
9	0
10	0
11	0
12	0
13	0
14	0
15	0
16	0
17	0
18	0
19	0
20	0
 
HMWG algorithm
The number of CPU's used is 6
Allocation strategy
1	3.44208762021
2	3.31852273604
3	3.31285126978
4	3.52962414426
5	3.10383975934
6	3.29307447037
7	0
8	0
9	0
10	0
11	0
12	0
13	0
14	0
15	0
16	0
17	0
18	0
19	0
20	0
HMMWG algorithm
The number of CPU's used is 6
Allocation strategy
1	0
2	0
3	0
4	0
5	0
6	0
7	0
8	3.33037809425
9	3.30939267982
10	3.24044390419
11	0
12	3.55531814053
13	0
14	0
15	0
16	0
17	0
18	3.2986450669
19	3.26582211432
20	0
Task set: Num Tasks 300 | Util 20 | Pop Size 200

Utilization 20.0
MW Algorithm
The number of CPU's used is 6
1	3.38296614726
2	3.41975338292
3	3.3977331199
4	3.36366218018
5	3.05017548188
6	3.38570968786
7	0
8	0
9	0
10	0
11	0
12	0
13	0
14	0
15	0
16	0
17	0
18	0
19	0
20	0
 
HMWG algorithm
The number of CPU's used is 6
Allocation strategy
1	3.32654425474
2	3.32611614114
3	3.50200591824
4	3.49597468364
5	2.87001207261
6	3.47934692963
7	0
8	0
9	0
10	0
11	0
12	0
13	0
14	0
15	0
16	0
17	0
18	0
19	0
20	0
HMMWG algorithm
The number of CPU's used is 6
Allocation strategy
1	0
2	0
3	3.33145430415
4	0
5	0
6	0
7	3.31343006594
8	0
9	0
10	0
11	0
12	0
13	0
14	3.32069390249
15	0
16	0
17	0
18	3.48550459755
19	3.27098653037
20	3.27793059949
Task set: Num Tasks 100 | Util 35 | Pop Size 200

Utilization 35.0
MW Algorithm
The number of CPU's used is 10
1	3.7625062289
2	3.41556672116
3	3.61800568242
4	3.45743568346
5	2.9587556748
6	3.36172768563
7	3.47330017683
8	3.80429430235
9	3.57899092076
10	3.56941692368
11	0
12	0
13	0
14	0
15	0
16	0
17	0
18	0
19	0
20	0
 
HMWG algorithm
The number of CPU's used is 10
Allocation strategy
1	3.7625062289
2	3.52793248658
3	3.55340737883
4	3.54778444541
5	2.9587556748
6	3.54894223155
7	3.2486855355
8	3.7723868728
9	3.52585096081
10	3.55374818481
11	0
12	0
13	0
14	0
15	0
16	0
17	0
18	0
19	0
20	0
HMMWG algorithm
The number of CPU's used is 10
Allocation strategy
1	0
2	0
3	3.4949071268
4	0
5	0
6	3.26069265015
7	3.29857766415
8	0
9	0
10	3.55048536349
11	0
12	3.53338178566
13	3.77265787678
14	3.77501939042
15	0
16	0
17	3.30794321497
18	3.51546345886
19	0
20	3.49087146872
Task set: Num Tasks 150 | Util 35 | Pop Size 200

Utilization 35.0
MW Algorithm
The number of CPU's used is 10
1	3.68045904975
2	3.31946591524
3	3.61449716696
4	3.35844627074
5	2.92637552551
6	3.62123209229
7	3.73429447307
8	3.58243220749
9	3.61403042993
10	3.54876686902
11	0
12	0
13	0
14	0
15	0
16	0
17	0
18	0
19	0
20	0
 
HMWG algorithm
The number of CPU's used is 10
Allocation strategy
1	3.68045904975
2	3.54696565427
3	3.49174964793
4	3.55203445899
5	3.02575141525
6	3.55240516575
7	3.28756806896
8	3.54975486319
9	3.54519196342
10	3.76811971249
11	0
12	0
13	0
14	0
15	0
16	0
17	0
18	0
19	0
20	0
HMMWG algorithm
The number of CPU's used is 10
Allocation strategy
1	0
2	0
3	0
4	0
5	3.0630081104
6	0
7	3.31019984242
8	3.71348257147
9	0
10	0
11	0
12	3.55343530776
13	3.73651463343
14	3.72288188444
15	0
16	0
17	3.29801789708
18	3.53293013919
19	3.52114814651
20	3.54838146729
Task set: Num Tasks 200 | Util 35 | Pop Size 200

Utilization 35.0
MW Algorithm
The number of CPU's used is 10
1	3.57986048397
2	3.49240067737
3	3.60256614954
4	3.48464782865
5	3.06473358613
6	3.54422931615
7	3.53218224733
8	3.64733773091
9	3.50201962734
10	3.5500223526
11	0
12	0
13	0
14	0
15	0
16	0
17	0
18	0
19	0
20	0
 
HMWG algorithm
The number of CPU's used is 10
Allocation strategy
1	3.74941515512
2	3.49240067737
3	3.53532754722
4	3.45982744996
5	3.06473358613
6	3.32695793941
7	3.32663839141
8	3.73621425699
9	3.54580062023
10	3.76268437616
11	0
12	0
13	0
14	0
15	0
16	0
17	0
18	0
19	0
20	0
HMMWG algorithm
The number of CPU's used is 10
Allocation strategy
1	3.77168756921
2	0
3	0
4	0
5	0
6	3.53097422571
7	0
8	0
9	3.53247570715
10	3.68885571711
11	3.29381237178
12	3.46660439211
13	0
14	0
15	0
16	0
17	3.32290578084
18	3.48879056901
19	3.42926643542
20	3.47462723165
Task set: Num Tasks 300 | Util 35 | Pop Size 200

Utilization 35.0
MW Algorithm
The number of CPU's used is 10
1	3.6186976455
2	3.42142846756
3	3.53159686303
4	3.54203112541
5	3.0399381666
6	3.50051286062
7	3.59498206277
8	3.6242875467
9	3.63618492596
10	3.49034033584
11	0
12	0
13	0
14	0
15	0
16	0
17	0
18	0
19	0
20	0
 
HMWG algorithm
The number of CPU's used is 10
Allocation strategy
1	3.75543721506
2	3.5153241732
3	3.4988789833
4	3.54203112541
5	3.0399381666
6	3.32579831563
7	3.31212658029
8	3.73622798533
9	3.63201617467
10	3.64222128049
11	0
12	0
13	0
14	0
15	0
16	0
17	0
18	0
19	0
20	0
HMMWG algorithm
The number of CPU's used is 10
Allocation strategy
1	0
2	0
3	3.71450083526
4	3.47042347963
5	0
6	0
7	0
8	3.71880650253
9	0
10	3.72551671843
11	3.27068699311
12	3.52429218294
13	0
14	0
15	0
16	3.06453669487
17	3.31787910983
18	3.53477316821
19	0
20	3.65858431519
Task set: Num Tasks 100 | Util 45 | Pop Size 200

Utilization 45.0
MW Algorithm
The number of CPU's used is 13
1	3.58616503941
2	2.97265214874
3	3.66296196471
4	3.54327817358
5	2.96397624742
6	3.57722478836
7	3.45218833075
8	3.85423580911
9	3.71155716726
10	3.64525669857
11	3.0207271177
12	3.47763255203
13	3.53214396235
14	0
15	0
16	0
17	0
18	0
19	0
20	0
 
HMWG algorithm
The number of CPU's used is 13
Allocation strategy
1	3.7672612672
2	3.5483398091
3	3.20284807716
4	3.54327817358
5	3.07287997243
6	3.33042203703
7	3.09502471793
8	3.75215028338
9	3.55264690719
10	3.72037235781
11	3.33242976493
12	3.55020266991
13	3.53214396235
14	0
15	0
16	0
17	0
18	0
19	0
20	0
HMMWG algorithm
The number of CPU's used is 13
Allocation strategy
1	0
2	3.47830326085
3	3.28457217017
4	0
5	2.85811299156
6	3.07076767316
7	0
8	0
9	3.99637970497
10	3.53351931169
11	3.28877838377
12	3.52183615667
13	3.55115460912
14	3.66461570574
15	0
16	0
17	0
18	3.49326056925
19	3.74263630479
20	3.51606315826
Task set: Num Tasks 150 | Util 45 | Pop Size 200

Utilization 45.0
MW Algorithm
The number of CPU's used is 13
1	3.66503039317
2	3.5120613381
3	3.30640680444
4	3.27282256067
5	2.90781287964
6	3.5091373875
7	3.58267358524
8	3.87871788508
9	3.76431873403
10	3.52695859676
11	3.33287821595
12	3.15697340906
13	3.58420821034
14	0
15	0
16	0
17	0
18	0
19	0
20	0
 
HMWG algorithm
The number of CPU's used is 13
Allocation strategy
1	3.7699829285
2	3.5120613381
3	3.28869445279
4	3.53742461438
5	3.10198955939
6	3.32245940014
7	3.22904814884
8	3.71181946982
9	3.47177606566
10	3.49288979621
11	3.33287821595
12	3.55167529982
13	3.67730071041
14	0
15	0
16	0
17	0
18	0
19	0
20	0
HMMWG algorithm
The number of CPU's used is 13
Allocation strategy
1	0
2	0
3	3.28856967487
4	0
5	0
6	0
7	0
8	3.5225179221
9	3.48435535082
10	0
11	3.31938103901
12	3.44586380617
13	3.74178328836
14	3.7626650062
15	3.54971602367
16	3.03948898478
17	3.29967275491
18	3.5426792306
19	3.47638922898
20	3.52691768953
Task set: Num Tasks 200 | Util 45 | Pop Size 200

Utilization 45.0
MW Algorithm
The number of CPU's used is 13
1	3.48719451739
2	3.30608835156
3	3.62489529328
4	3.31721119283
5	3.07508270654
6	3.5444483965
7	3.71642224004
8	3.55218696774
9	3.52430639815
10	3.63355270673
11	3.18729159762
12	3.36582538686
13	3.66549424476
14	0
15	0
16	0
17	0
18	0
19	0
20	0
 
HMWG algorithm
The number of CPU's used is 13
Allocation strategy
1	3.7445133146
2	3.51411492114
3	3.31112869185
4	3.54145944995
5	3.08138060773
6	3.28520279989
7	3.29125315969
8	3.53913121916
9	3.54538933423
10	3.52637751038
11	3.31810571935
12	3.5550833999
13	3.74685987214
14	0
15	0
16	0
17	0
18	0
19	0
20	0
HMMWG algorithm
The number of CPU's used is 13
Allocation strategy
1	0
2	3.50140800269
3	3.33029525755
4	0
5	0
6	0
7	3.30979132354
8	3.77297816651
9	0
10	3.53843941387
11	3.26971673906
12	3.54826779689
13	3.74044841871
14	3.76890244991
15	0
16	3.09733358745
17	3.28950495332
18	3.5171096464
19	3.3158042441
20	0
Task set: Num Tasks 300 | Util 45 | Pop Size 200

Utilization 45.0
MW Algorithm
The number of CPU's used is 13
1	3.61708468275
2	3.44139421026
3	3.52625612832
4	3.55251912596
5	3.09988375786
6	3.44618831175
7	3.59524050817
8	3.47261666756
9	3.44578747988
10	3.57494072211
11	3.20304367044
12	3.44523393267
13	3.57981080228
14	0
15	0
16	0
17	0
18	0
19	0
20	0
 
HMWG algorithm
The number of CPU's used is 13
Allocation strategy
1	3.61833261611
2	3.48078446773
3	3.33170339063
4	3.55456733959
5	3.05323920671
6	3.5297985381
7	3.30886149022
8	3.52190365983
9	3.53886937061
10	3.55194883474
11	3.31246266663
12	3.48854999156
13	3.70897842753
14	0
15	0
16	0
17	0
18	0
19	0
20	0
HMMWG algorithm
The number of CPU's used is 13
Allocation strategy
1	3.77672171154
2	0
3	3.32867362788
4	0
5	0
6	0
7	3.32518854385
8	3.32445292083
9	3.53869818062
10	3.47489330187
11	0
12	3.50292643125
13	3.49543104659
14	3.50728383522
15	3.42790353623
16	0
17	0
18	3.52770905418
19	3.49736292757
20	3.27275488237
