Start scheduler

Task set: Num Tasks 100 | Util 20 | Pop Size 200

Utilization 20.0
MW Algorithm
The number of CPU's used is 6
1	3.37615784247
2	3.33643925586
3	3.38834844663
4	3.36129796898
5	3.05114384794
6	3.48661263811
7	0
8	0
9	0
10	0
11	0
12	0
13	0
14	0
15	0
16	0
17	0
18	0
19	0
20	0
 
HMWG algorithm
The number of CPU's used is 6
Allocation strategy
1	3.75707837414
2	3.28112254022
3	3.32468755825
4	3.48027488386
5	3.05114384794
6	3.10569279559
7	0
8	0
9	0
10	0
11	0
12	0
13	0
14	0
15	0
16	0
17	0
18	0
19	0
20	0
HMMWG algorithm
The number of CPU's used is 6
Allocation strategy
1	0
2	0
3	3.29819547933
4	0
5	0
6	0
7	3.03117926744
8	3.54629332773
9	0
10	0
11	0
12	0
13	3.76673400499
14	0
15	0
16	3.05114384794
17	3.30645407257
18	0
19	0
20	0
Task set: Num Tasks 150 | Util 20 | Pop Size 200

Utilization 20.0
MW Algorithm
The number of CPU's used is 6
1	3.44929883562
2	3.39203143993
3	3.35399656029
4	3.3781969986
5	3.10209337762
6	3.32438278794
7	0
8	0
9	0
10	0
11	0
12	0
13	0
14	0
15	0
16	0
17	0
18	0
19	0
20	0
 
HMWG algorithm
The number of CPU's used is 6
Allocation strategy
1	3.70088874847
2	3.24675310779
3	3.30804711585
4	3.54555406329
5	3.10209337762
6	3.09666358698
7	0
8	0
9	0
10	0
11	0
12	0
13	0
14	0
15	0
16	0
17	0
18	0
19	0
20	0
HMMWG algorithm
The number of CPU's used is 6
Allocation strategy
1	0
2	0
3	3.32265586888
4	0
5	0
6	0
7	3.09037490906
8	3.51850019442
9	0
10	0
11	0
12	0
13	3.45245160395
14	0
15	0
16	0
17	0
18	0
19	3.29623700146
20	3.31978042222
Task set: Num Tasks 200 | Util 20 | Pop Size 200

Utilization 20.0
MW Algorithm
The number of CPU's used is 6
1	3.43889299747
2	3.39104858846
3	3.34797972826
4	3.39154424208
5	3.0602316975
6	3.37030274624
7	0
8	0
9	0
10	0
11	0
12	0
13	0
14	0
15	0
16	0
17	0
18	0
19	0
20	0
 
HMWG algorithm
The number of CPU's used is 6
Allocation strategy
1	3.52312985497
2	3.32375861751
3	3.32092040164
4	3.30707046749
5	2.99700618002
6	3.52811447837
7	0
8	0
9	0
10	0
11	0
12	0
13	0
14	0
15	0
16	0
17	0
18	0
19	0
20	0
HMMWG algorithm
The number of CPU's used is 6
Allocation strategy
1	0
2	0
3	3.28617299784
4	0
5	3.10708469553
6	0
7	0
8	3.52592525836
9	0
10	0
11	3.24798035208
12	0
13	0
14	0
15	0
16	0
17	3.3253472762
18	0
19	0
20	3.50748941998
Task set: Num Tasks 300 | Util 20 | Pop Size 200

Utilization 20.0
MW Algorithm
The number of CPU's used is 6
1	3.37558905749
2	3.38212141853
3	3.40461844564
4	3.37486530357
5	3.07712261789
6	3.38568315688
7	0
8	0
9	0
10	0
11	0
12	0
13	0
14	0
15	0
16	0
17	0
18	0
19	0
20	0
 
HMWG algorithm
The number of CPU's used is 6
Allocation strategy
1	3.53059433612
2	3.286709317
3	3.4484772665
4	3.33100648271
5	3.08556959292
6	3.31764300475
7	0
8	0
9	0
10	0
11	0
12	0
13	0
14	0
15	0
16	0
17	0
18	0
19	0
20	0
HMMWG algorithm
The number of CPU's used is 6
Allocation strategy
1	0
2	0
3	0
4	0
5	3.08210431661
6	0
7	0
8	0
9	3.54095544293
10	0
11	0
12	0
13	0
14	3.53434619473
15	0
16	3.07358675611
17	3.26598557589
18	0
19	3.50302171373
20	0
Task set: Num Tasks 100 | Util 35 | Pop Size 200

Utilization 35.0
MW Algorithm
The number of CPU's used is 10
1	3.39631718714
2	3.29124973061
3	3.63825149181
4	3.54834807181
5	2.9791324727
6	3.48109090518
7	3.82425800494
8	3.60102716136
9	3.67730543848
10	3.56301953597
11	0
12	0
13	0
14	0
15	0
16	0
17	0
18	0
19	0
20	0
 
HMWG algorithm
The number of CPU's used is 10
Allocation strategy
1	3.6812261268
2	3.52752015913
3	3.47480363353
4	3.54834807181
5	2.9791324727
6	3.32176188869
7	3.31818554062
8	3.74936811578
9	3.70736282499
10	3.69229116596
11	0
12	0
13	0
14	0
15	0
16	0
17	0
18	0
19	0
20	0
HMMWG algorithm
The number of CPU's used is 10
Allocation strategy
1	0
2	0
3	3.30666391666
4	3.48779253065
5	3.07440198454
6	0
7	0
8	3.76865796282
9	3.53236522459
10	0
11	0
12	0
13	3.77438250892
14	3.6813718768
15	3.54656307984
16	0
17	3.28324608481
18	0
19	3.54455483036
20	0
Task set: Num Tasks 150 | Util 35 | Pop Size 200

Utilization 35.0
MW Algorithm
The number of CPU's used is 10
1	3.68693763354
2	3.38654145251
3	3.60240286968
4	3.19202896625
5	2.97097856971
6	3.43291547127
7	3.74715208206
8	3.61922728795
9	3.69138660061
10	3.67042906642
11	0
12	0
13	0
14	0
15	0
16	0
17	0
18	0
19	0
20	0
 
HMWG algorithm
The number of CPU's used is 10
Allocation strategy
1	3.68693763354
2	3.45929772096
3	3.5547262443
4	3.47341892926
5	3.07261140658
6	3.30834885544
7	3.25644965271
8	3.76970051997
9	3.71879261625
10	3.69971642099
11	0
12	0
13	0
14	0
15	0
16	0
17	0
18	0
19	0
20	0
HMMWG algorithm
The number of CPU's used is 10
Allocation strategy
1	3.72666291658
2	0
3	3.28112672915
4	0
5	3.10721483378
6	0
7	0
8	0
9	3.53480658559
10	0
11	3.29424555467
12	3.55360432737
13	3.74829286713
14	3.74042483677
15	0
16	0
17	0
18	3.47089062321
19	0
20	3.54273072575
Task set: Num Tasks 200 | Util 35 | Pop Size 200

Utilization 35.0
MW Algorithm
The number of CPU's used is 10
1	3.56600323572
2	3.38979085146
3	3.5789531803
4	3.43577673724
5	2.95880765906
6	3.60358034173
7	3.61556268497
8	3.53526521979
9	3.72912435904
10	3.58713573068
11	0
12	0
13	0
14	0
15	0
16	0
17	0
18	0
19	0
20	0
 
HMWG algorithm
The number of CPU's used is 10
Allocation strategy
1	3.77140521435
2	3.51621281254
3	3.29438165524
4	3.44202759383
5	3.10894882705
6	3.52752919621
7	3.33067498269
8	3.75136016891
9	3.50746829754
10	3.74999125163
11	0
12	0
13	0
14	0
15	0
16	0
17	0
18	0
19	0
20	0
HMMWG algorithm
The number of CPU's used is 10
Allocation strategy
1	3.74158383381
2	0
3	3.28830433452
4	0
5	0
6	0
7	3.29349211005
8	3.51873388546
9	3.5392024187
10	3.51584852744
11	0
12	0
13	0
14	3.49860561474
15	0
16	0
17	0
18	3.49507419011
19	3.55511977709
20	3.55403530807
Task set: Num Tasks 300 | Util 35 | Pop Size 200

Utilization 35.0
MW Algorithm
The number of CPU's used is 10
1	3.61153840615
2	3.46959654661
3	3.53992519083
4	3.41344442234
5	3.09755839327
6	3.65070652532
7	3.51709722796
8	3.5320090973
9	3.57466886113
10	3.59345532909
11	0
12	0
13	0
14	0
15	0
16	0
17	0
18	0
19	0
20	0
 
HMWG algorithm
The number of CPU's used is 10
Allocation strategy
1	3.66533569751
2	3.5471468448
3	3.29144009033
4	3.47494744495
5	3.09070647686
6	3.77636007833
7	3.51709722796
8	3.5320090973
9	3.41509301317
10	3.68986402878
11	0
12	0
13	0
14	0
15	0
16	0
17	0
18	0
19	0
20	0
HMMWG algorithm
The number of CPU's used is 10
Allocation strategy
1	3.75175855472
2	0
3	0
4	3.4880503883
5	0
6	0
7	0
8	3.51070862576
9	3.30871300951
10	3.30202158118
11	0
12	3.53244029869
13	3.75443020237
14	0
15	0
16	0
17	3.31679784264
18	0
19	3.51420297222
20	3.52087652459
Task set: Num Tasks 100 | Util 45 | Pop Size 200

Utilization 45.0
MW Algorithm
The number of CPU's used is 14
1	3.30325363123
2	3.40471693185
3	3.59790889668
4	3.24729483931
5	2.98096811152
6	3.16306543561
7	3.39101285384
8	3.00720996955
9	3.04048229777
10	3.35955774666
11	3.21020886446
12	2.98793948385
13	3.3072612009
14	2.99911973677
15	0
16	0
17	0
18	0
19	0
20	0
 
HMWG algorithm
The number of CPU's used is 14
Allocation strategy
1	3.71873411499
2	3.26278103202
3	3.2682700644
4	3.54468134502
5	2.87423440328
6	2.80664866181
7	1.9650958383
8	3.19929075144
9	3.27295198232
10	3.50039354508
11	3.32865999104
12	3.30080621805
13	3.66050537048
14	3.29694668177
15	0
16	0
17	0
18	0
19	0
20	0
HMMWG algorithm
The number of CPU's used is 13
Allocation strategy
1	0
2	0
3	3.3279381633
4	3.52540716976
5	0
6	0
7	3.05031159921
8	3.96982897115
9	3.5515388197
10	3.44966647687
11	0
12	3.48247974345
13	3.76838927584
14	3.32427550194
15	0
16	0
17	3.22259021661
18	3.46389576562
19	3.53958078891
20	3.32409750763
Task set: Num Tasks 150 | Util 45 | Pop Size 200

Utilization 45.0
MW Algorithm
The number of CPU's used is 13
1	3.48984505908
2	3.34354411439
3	3.63171656748
4	3.36063348154
5	2.88654947714
6	3.72093497238
7	3.91782061214
8	3.504726046
9	3.52622555199
10	3.40367854937
11	3.32586458523
12	3.33351816327
13	3.55494282
14	0
15	0
16	0
17	0
18	0
19	0
20	0
 
HMWG algorithm
The number of CPU's used is 13
Allocation strategy
1	3.66295491043
2	3.42227796562
3	3.2899488493
4	3.5332461762
5	3.09320043465
6	3.30075575706
7	3.29580660582
8	3.74171323935
9	3.49257306236
10	3.76967484496
11	3.28899149594
12	3.55354000647
13	3.55531665184
14	0
15	0
16	0
17	0
18	0
19	0
20	0
HMMWG algorithm
The number of CPU's used is 13
Allocation strategy
1	3.71320188355
2	0
3	3.33099461043
4	0
5	0
6	0
7	3.30466322972
8	3.54358279398
9	3.48926355381
10	0
11	3.32547963406
12	3.51643757487
13	0
14	3.75539809619
15	0
16	3.10418959137
17	3.28890056595
18	3.54347719587
19	3.5451218083
20	3.5392894619
Task set: Num Tasks 200 | Util 45 | Pop Size 200

Utilization 45.0
MW Algorithm
The number of CPU's used is 13
1	3.63231740595
2	3.30209438188
3	3.64957514878
4	3.45709217855
5	2.98132546323
6	3.48223961867
7	3.64947447458
8	3.4717708409
9	3.61624751197
10	3.52832106417
11	3.3109931842
12	3.30880018934
13	3.60974853779
14	0
15	0
16	0
17	0
18	0
19	0
20	0
 
HMWG algorithm
The number of CPU's used is 13
Allocation strategy
1	3.71496495842
2	3.4378979026
3	3.50865072732
4	3.53040671259
5	3.05738615306
6	3.32402048206
7	3.32906108142
8	3.47388242424
9	3.48133970007
10	3.54326294443
11	3.32747980164
12	3.49435479459
13	3.77729231755
14	0
15	0
16	0
17	0
18	0
19	0
20	0
HMMWG algorithm
The number of CPU's used is 13
Allocation strategy
1	0
2	0
3	0
4	0
5	3.10256527379
6	0
7	3.28076856193
8	3.74610735802
9	0
10	3.75230792296
11	3.31328284978
12	3.50948325357
13	3.69834602389
14	3.47204807925
15	3.74475087823
16	3.08705812345
17	3.311185376
18	3.4982626364
19	0
20	3.48383366273
Task set: Num Tasks 300 | Util 45 | Pop Size 200

Utilization 45.0
MW Algorithm
The number of CPU's used is 13
1	3.53903803855
2	3.44278979414
3	3.47890417761
4	3.51852456108
5	3.02018891138
6	3.56450236871
7	3.51986433339
8	3.64182099945
9	3.52746462579
10	3.50503912955
11	3.31442034185
12	3.42840326538
13	3.49903945311
14	0
15	0
16	0
17	0
18	0
19	0
20	0
 
HMWG algorithm
The number of CPU's used is 13
Allocation strategy
1	3.6631684588
2	3.55500055923
3	3.32025594965
4	3.51852456108
5	3.09794473883
6	3.24853634475
7	3.29531627538
8	3.71074058485
9	3.53644234213
10	3.5159358801
11	3.31442034185
12	3.54181662287
13	3.68189734047
14	0
15	0
16	0
17	0
18	0
19	0
20	0
HMMWG algorithm
The number of CPU's used is 13
Allocation strategy
1	0
2	0
3	3.29238988486
4	3.53454771713
5	0
6	0
7	3.55085730308
8	3.55273220396
9	0
10	3.4604472025
11	3.30315538374
12	3.50518087084
13	3.73563894876
14	0
15	3.72365149293
16	3.09382051403
17	3.31220695461
18	3.50574422956
19	3.42962729401
20	0
