Start scheduler

Task set: Num Tasks 100 | Util 20 | Pop Size 200

Utilization 20.0
MW Algorithm
The number of CPU's used is 6
1	3.47700952443
2	3.37510497391
3	3.38614988443
4	3.35087904557
5	3.05518944703
6	3.35566712464
7	0
8	0
9	0
10	0
11	0
12	0
13	0
14	0
15	0
16	0
17	0
18	0
19	0
20	0
 
HMWG algorithm
The number of CPU's used is 6
Allocation strategy
1	3.73676768014
2	3.29468932294
3	3.30691191116
4	3.47663504494
5	3.10111958824
6	3.08387645259
7	0
8	0
9	0
10	0
11	0
12	0
13	0
14	0
15	0
16	0
17	0
18	0
19	0
20	0
HMMWG algorithm
The number of CPU's used is 6
Allocation strategy
1	0
2	0
3	0
4	0
5	0
6	0
7	0
8	3.31813361802
9	0
10	0
11	0
12	3.2861810626
13	3.32544970741
14	3.52116834332
15	0
16	0
17	0
18	0
19	3.24326550772
20	3.30580176093
Task set: Num Tasks 150 | Util 20 | Pop Size 200

Utilization 20.0
MW Algorithm
The number of CPU's used is 6
1	3.40139214072
2	3.47557202602
3	3.34152809917
4	3.40429934391
5	2.99647245298
6	3.3807359372
7	0
8	0
9	0
10	0
11	0
12	0
13	0
14	0
15	0
16	0
17	0
18	0
19	0
20	0
 
HMWG algorithm
The number of CPU's used is 6
Allocation strategy
1	3.72099206041
2	3.29550239449
3	3.29154848622
4	3.49746963563
5	3.09743562351
6	3.09705179976
7	0
8	0
9	0
10	0
11	0
12	0
13	0
14	0
15	0
16	0
17	0
18	0
19	0
20	0
HMMWG algorithm
The number of CPU's used is 6
Allocation strategy
1	0
2	0
3	3.29177898474
4	0
5	0
6	0
7	0
8	3.32632640693
9	0
10	3.28149337977
11	0
12	3.26441342628
13	3.52475565134
14	0
15	0
16	0
17	0
18	0
19	3.31123215094
20	0
Task set: Num Tasks 200 | Util 20 | Pop Size 200

Utilization 20.0
MW Algorithm
The number of CPU's used is 6
1	3.38057911045
2	3.41708509539
3	3.34740468054
4	3.46008107855
5	3.0264455363
6	3.36840449877
7	0
8	0
9	0
10	0
11	0
12	0
13	0
14	0
15	0
16	0
17	0
18	0
19	0
20	0
 
HMWG algorithm
The number of CPU's used is 6
Allocation strategy
1	3.52560214399
2	3.53179098711
3	3.27372077667
4	3.46358561176
5	3.10107248977
6	3.1042279907
7	0
8	0
9	0
10	0
11	0
12	0
13	0
14	0
15	0
16	0
17	0
18	0
19	0
20	0
HMMWG algorithm
The number of CPU's used is 6
Allocation strategy
1	0
2	0
3	0
4	0
5	3.01124078633
6	0
7	0
8	0
9	0
10	3.47759363627
11	0
12	0
13	0
14	3.452259973
15	0
16	3.01668681746
17	0
18	0
19	3.55266569358
20	3.48955309337
Task set: Num Tasks 300 | Util 20 | Pop Size 200

Utilization 20.0
MW Algorithm
The number of CPU's used is 6
1	3.41587796038
2	3.36662463617
3	3.36695712642
4	3.40198857168
5	3.08273671173
6	3.36581499362
7	0
8	0
9	0
10	0
11	0
12	0
13	0
14	0
15	0
16	0
17	0
18	0
19	0
20	0
 
HMWG algorithm
The number of CPU's used is 6
Allocation strategy
1	3.72072678093
2	3.3328477285
3	3.10222765406
4	3.45116762985
5	3.08273671173
6	3.31029349492
7	0
8	0
9	0
10	0
11	0
12	0
13	0
14	0
15	0
16	0
17	0
18	0
19	0
20	0
HMMWG algorithm
The number of CPU's used is 6
Allocation strategy
1	0
2	0
3	3.33015224695
4	0
5	0
6	0
7	0
8	0
9	0
10	0
11	0
12	3.31174940752
13	0
14	0
15	0
16	0
17	3.32538184193
18	3.42361298826
19	3.28749889394
20	3.32160462141
Task set: Num Tasks 100 | Util 35 | Pop Size 200

Utilization 35.0
MW Algorithm
The number of CPU's used is 11
1	3.3090762132
2	3.04719177385
3	3.2818237989
4	3.378326728
5	2.71957221481
6	3.11422257861
7	3.86183656665
8	3.07247730798
9	3.1314143182
10	2.93593322077
11	3.14812527904
12	0
13	0
14	0
15	0
16	0
17	0
18	0
19	0
20	0
 
HMWG algorithm
The number of CPU's used is 11
Allocation strategy
1	3.54798329216
2	1.98642870996
3	3.10437353804
4	3.51596656326
5	3.07865738047
6	3.10840659131
7	3.05425388542
8	3.51206305824
9	3.54463776074
10	3.30507122315
11	3.24215799725
12	0
13	0
14	0
15	0
16	0
17	0
18	0
19	0
20	0
HMMWG algorithm
The number of CPU's used is 11
Allocation strategy
1	0
2	0
3	0
4	0
5	2.88218827711
6	0
7	0
8	3.3099135642
9	3.09757126038
10	3.068992482
11	0
12	0
13	0
14	3.30246012129
15	3.26980782904
16	3.0858615196
17	3.07247730798
18	3.53475005735
19	3.09728381181
20	3.27869376923
Task set: Num Tasks 150 | Util 35 | Pop Size 200

Utilization 35.0
MW Algorithm
The number of CPU's used is 10
1	3.49592433184
2	3.3232524193
3	3.71218945305
4	3.3588847804
5	3.06786565062
6	3.6452490663
7	3.63810327553
8	3.61180424667
9	3.54164519862
10	3.60508157766
11	0
12	0
13	0
14	0
15	0
16	0
17	0
18	0
19	0
20	0
 
HMWG algorithm
The number of CPU's used is 10
Allocation strategy
1	3.73790893392
2	3.53487185594
3	3.47422733684
4	3.53609628717
5	3.06468255662
6	3.29335570557
7	3.29042909353
8	3.7016333834
9	3.74494326179
10	3.62185158523
11	0
12	0
13	0
14	0
15	0
16	0
17	0
18	0
19	0
20	0
HMMWG algorithm
The number of CPU's used is 10
Allocation strategy
1	3.7488861812
2	0
3	3.29717472957
4	0
5	0
6	0
7	0
8	0
9	3.53888798574
10	3.54533489078
11	0
12	3.50535627623
13	3.52418464171
14	3.5425612519
15	0
16	0
17	3.26576564038
18	3.49663071141
19	0
20	3.53521769109
Task set: Num Tasks 200 | Util 35 | Pop Size 200

Utilization 35.0
MW Algorithm
The number of CPU's used is 10
1	3.75473745724
2	3.41677507759
3	3.54802705751
4	3.31424884486
5	2.94887763357
6	3.59576672457
7	3.52663742098
8	3.63541191938
9	3.64650133316
10	3.61301653112
11	0
12	0
13	0
14	0
15	0
16	0
17	0
18	0
19	0
20	0
 
HMWG algorithm
The number of CPU's used is 10
Allocation strategy
1	3.76780422571
2	3.42962364813
3	3.27042942444
4	3.52582011751
5	3.07619464707
6	3.77412918033
7	3.33183120039
8	3.75051439167
9	3.53142961426
10	3.5422235505
11	0
12	0
13	0
14	0
15	0
16	0
17	0
18	0
19	0
20	0
HMMWG algorithm
The number of CPU's used is 10
Allocation strategy
1	0
2	0
3	3.30273638227
4	3.55168503477
5	0
6	0
7	3.28234661902
8	3.49765510989
9	3.54437875895
10	3.52512455164
11	0
12	3.47860628246
13	3.75912251461
14	3.75236487411
15	0
16	0
17	3.30597987227
18	0
19	0
20	0
Task set: Num Tasks 300 | Util 35 | Pop Size 200

Utilization 35.0
MW Algorithm
The number of CPU's used is 10
1	3.51169703352
2	3.51129660129
3	3.50294027094
4	3.49078290731
5	3.0319873325
6	3.59936849328
7	3.59886497775
8	3.57388660314
9	3.56029320984
10	3.61888257043
11	0
12	0
13	0
14	0
15	0
16	0
17	0
18	0
19	0
20	0
 
HMWG algorithm
The number of CPU's used is 10
Allocation strategy
1	3.53958271652
2	3.51129660129
3	3.50294027094
4	3.49078290731
5	3.0319873325
6	3.75963667363
7	3.32697686514
8	3.54198229181
9	3.55395210899
10	3.74086223188
11	0
12	0
13	0
14	0
15	0
16	0
17	0
18	0
19	0
20	0
HMMWG algorithm
The number of CPU's used is 10
Allocation strategy
1	0
2	0
3	0
4	0
5	0
6	0
7	3.33200252865
8	3.51313016339
9	3.32219869931
10	3.53908985785
11	0
12	3.48110552691
13	3.7764250737
14	0
15	0
16	0
17	3.26043725252
18	3.52002741778
19	3.50644020815
20	3.74914327173
Task set: Num Tasks 100 | Util 45 | Pop Size 200

Utilization 45.0
MW Algorithm
The number of CPU's used is 13
1	3.31965459136
2	3.19694254933
3	3.37716729517
4	3.51830276823
5	2.54988184295
6	3.6554413717
7	3.8979483878
8	3.96798406347
9	3.9196670328
10	3.48249422028
11	3.23797155918
12	3.21578114479
13	3.66076317293
14	0
15	0
16	0
17	0
18	0
19	0
20	0
 
HMWG algorithm
The number of CPU's used is 13
Allocation strategy
1	3.66173701128
2	3.28951298854
3	3.32195423808
4	3.51830276823
5	3.10530618357
6	3.55153504777
7	3.55424327825
8	3.9783040253
9	3.51264769522
10	3.3259880463
11	3.33155792128
12	3.53023004316
13	3.31868075301
14	0
15	0
16	0
17	0
18	0
19	0
20	0
HMMWG algorithm
The number of CPU's used is 13
Allocation strategy
1	3.75837887717
2	0
3	3.54786778874
4	0
5	0
6	0
7	3.33189704895
8	3.32705313795
9	3.29930337222
10	3.32783295401
11	3.2574333945
12	0
13	0
14	3.7498270555
15	3.76200226946
16	0
17	3.26996858602
18	3.52138369161
19	3.31442406127
20	3.53262776259
Task set: Num Tasks 150 | Util 45 | Pop Size 200

Utilization 45.0
MW Algorithm
The number of CPU's used is 13
1	3.61631045408
2	3.46883137726
3	3.53981779462
4	3.27875547105
5	2.99187452328
6	3.60272038329
7	3.50189825583
8	3.59560304146
9	3.58197271752
10	3.51164476585
11	3.18406609016
12	3.51837094503
13	3.60813418055
14	0
15	0
16	0
17	0
18	0
19	0
20	0
 
HMWG algorithm
The number of CPU's used is 13
Allocation strategy
1	3.76943873417
2	3.53805531091
3	3.32334665725
4	3.5380723705
5	3.09769716884
6	3.32767789929
7	3.25310698831
8	3.52004181472
9	3.50120439097
10	3.51164476585
11	3.3252483035
12	3.51837094503
13	3.77609465065
14	0
15	0
16	0
17	0
18	0
19	0
20	0
HMMWG algorithm
The number of CPU's used is 13
Allocation strategy
1	0
2	0
3	3.55542020724
4	3.52125265477
5	0
6	0
7	0
8	3.31346410918
9	3.51709471579
10	3.55107548915
11	0
12	3.48937515543
13	0
14	3.71421800979
15	3.53689534796
16	3.02057969525
17	3.29802531091
18	3.54761902487
19	3.51837094503
20	3.41660933465
Task set: Num Tasks 200 | Util 45 | Pop Size 200

Utilization 45.0
MW Algorithm
The number of CPU's used is 13
1	3.61640765927
2	3.30172911423
3	3.71165131593
4	3.48662671671
5	2.88984114939
6	3.67975282854
7	3.4613799701
8	3.51694132633
9	3.42471599009
10	3.63374888997
11	3.31741653994
12	3.38199301956
13	3.57779547995
14	0
15	0
16	0
17	0
18	0
19	0
20	0
 
HMWG algorithm
The number of CPU's used is 13
Allocation strategy
1	3.77397342411
2	3.52597837343
3	3.23723026371
4	3.48662671671
5	3.09572951565
6	3.3245649511
7	3.25269803554
8	3.74609934538
9	3.48474173813
10	3.54377410225
11	3.31741653994
12	3.47191180986
13	3.73925518418
14	0
15	0
16	0
17	0
18	0
19	0
20	0
HMMWG algorithm
The number of CPU's used is 13
Allocation strategy
1	0
2	0
3	0
4	3.52897097933
5	3.10518310283
6	3.31435571712
7	0
8	3.70481875899
9	0
10	3.45909929151
11	0
12	3.53965711575
13	3.74711217032
14	3.7777686168
15	0
16	3.07424112757
17	3.26955811866
18	3.45825030419
19	3.54032622461
20	3.48065847233
Task set: Num Tasks 300 | Util 45 | Pop Size 200

Utilization 45.0
MW Algorithm
The number of CPU's used is 13
1	3.52138229646
2	3.48897422614
3	3.59157073177
4	3.51205847262
5	3.05246071205
6	3.43643483639
7	3.61604893479
8	3.53790924158
9	3.47836551936
10	3.46878883599
11	3.32327225144
12	3.45159651683
13	3.52113742458
14	0
15	0
16	0
17	0
18	0
19	0
20	0
 
HMWG algorithm
The number of CPU's used is 13
Allocation strategy
1	3.69118665338
2	3.48897422614
3	3.54811106334
4	3.51205847262
5	3.05246071205
6	3.32334944126
7	3.55236660142
8	3.53790924158
9	3.50342399509
10	3.46878883599
11	3.30292458856
12	3.497308744
13	3.52113742458
14	0
15	0
16	0
17	0
18	0
19	0
20	0
HMMWG algorithm
The number of CPU's used is 13
Allocation strategy
1	0
2	0
3	3.30440657894
4	0
5	0
6	0
7	3.28248487004
8	3.48357873987
9	3.53978986249
10	3.74239649611
11	3.28013026619
12	3.52820126884
13	3.72257704745
14	3.77556718646
15	0
16	3.03060097162
17	3.32327225144
18	0
19	3.52294688973
20	3.46404757081
