Start scheduler

Task set: Num Tasks 100 | Util 20 | Pop Size 200

Utilization 20.0
MW Algorithm
The number of CPU's used is 6
1	3.38575594443
2	3.38677918735
3	3.38217126843
4	3.30611880463
5	3.03689369027
6	3.50228110489
7	0
8	0
9	0
10	0
11	0
12	0
13	0
14	0
15	0
16	0
17	0
18	0
19	0
20	0
 
HMWG algorithm
The number of CPU's used is 6
Allocation strategy
1	3.7051934059
2	3.30395855175
3	3.31701944703
4	3.54686968373
5	3.03689369027
6	3.09006522132
7	0
8	0
9	0
10	0
11	0
12	0
13	0
14	0
15	0
16	0
17	0
18	0
19	0
20	0
HMMWG algorithm
The number of CPU's used is 6
Allocation strategy
1	0
2	0
3	0
4	0
5	0
6	0
7	0
8	0
9	0
10	0
11	3.30596020065
12	3.26937458963
13	0
14	3.32923162439
15	0
16	0
17	0
18	3.48745776952
19	3.27756030273
20	3.33041551308
Task set: Num Tasks 150 | Util 20 | Pop Size 200

Utilization 20.0
MW Algorithm
The number of CPU's used is 6
1	3.51465941827
2	3.34487134436
3	3.39983349209
4	3.39495386226
5	2.98050221955
6	3.36517966347
7	0
8	0
9	0
10	0
11	0
12	0
13	0
14	0
15	0
16	0
17	0
18	0
19	0
20	0
 
HMWG algorithm
The number of CPU's used is 6
Allocation strategy
1	3.76742080096
2	3.31641966365
3	3.31738539734
4	3.44159557831
5	3.05042634703
6	3.10675221271
7	0
8	0
9	0
10	0
11	0
12	0
13	0
14	0
15	0
16	0
17	0
18	0
19	0
20	0
HMMWG algorithm
The number of CPU's used is 6
Allocation strategy
1	0
2	0
3	3.09472200905
4	0
5	0
6	0
7	0
8	3.54565352105
9	0
10	0
11	0
12	0
13	3.32770649602
14	3.41796424345
15	0
16	0
17	0
18	0
19	3.2908515481
20	3.32310218234
Task set: Num Tasks 200 | Util 20 | Pop Size 200

Utilization 20.0
MW Algorithm
The number of CPU's used is 6
1	3.42506620144
2	3.43006669896
3	3.32423845472
4	3.38829333571
5	3.06534094796
6	3.36699436122
7	0
8	0
9	0
10	0
11	0
12	0
13	0
14	0
15	0
16	0
17	0
18	0
19	0
20	0
 
HMWG algorithm
The number of CPU's used is 6
Allocation strategy
1	3.65619333678
2	3.32880701206
3	3.32423845472
4	3.52471296672
5	3.06534094796
6	3.10070728176
7	0
8	0
9	0
10	0
11	0
12	0
13	0
14	0
15	0
16	0
17	0
18	0
19	0
20	0
HMMWG algorithm
The number of CPU's used is 6
Allocation strategy
1	0
2	0
3	0
4	0
5	0
6	0
7	0
8	3.30796925381
9	0
10	0
11	3.30325335229
12	3.48570451635
13	0
14	3.55056697879
15	0
16	3.06534094796
17	0
18	0
19	0
20	3.2871649508
Task set: Num Tasks 300 | Util 20 | Pop Size 200

Utilization 20.0
MW Algorithm
The number of CPU's used is 6
1	3.36159170829
2	3.32807430367
3	3.36082442931
4	3.46084967535
5	3.08904164195
6	3.39961824142
7	0
8	0
9	0
10	0
11	0
12	0
13	0
14	0
15	0
16	0
17	0
18	0
19	0
20	0
 
HMWG algorithm
The number of CPU's used is 6
Allocation strategy
1	3.40789243212
2	3.32807430367
3	3.32486275231
4	3.52351494476
5	3.08904164195
6	3.32661392519
7	0
8	0
9	0
10	0
11	0
12	0
13	0
14	0
15	0
16	0
17	0
18	0
19	0
20	0
HMMWG algorithm
The number of CPU's used is 6
Allocation strategy
1	0
2	0
3	0
4	0
5	0
6	0
7	0
8	3.29148297256
9	0
10	3.29568920219
11	0
12	3.3286255448
13	3.32373376702
14	3.3170989514
15	0
16	0
17	0
18	3.44336956202
19	0
20	0
Task set: Num Tasks 100 | Util 35 | Pop Size 200

Utilization 35.0
MW Algorithm
The number of CPU's used is 10
1	3.51528294122
2	3.24657033414
3	3.57181871461
4	3.54650581119
5	2.84439743621
6	3.68280639828
7	3.43559640631
8	3.79152995824
9	3.59312142782
10	3.77237057198
11	0
12	0
13	0
14	0
15	0
16	0
17	0
18	0
19	0
20	0
 
HMWG algorithm
The number of CPU's used is 10
Allocation strategy
1	3.68701849331
2	3.54855081157
3	3.54073560409
4	3.54650581119
5	3.06095883284
6	3.28772239217
7	3.30070410708
8	3.70250244171
9	3.54939744074
10	3.7759040653
11	0
12	0
13	0
14	0
15	0
16	0
17	0
18	0
19	0
20	0
HMMWG algorithm
The number of CPU's used is 10
Allocation strategy
1	0
2	0
3	0
4	0
5	0
6	3.2728316223
7	0
8	3.50682019694
9	3.54265890178
10	0
11	0
12	3.52984735477
13	3.77773322017
14	3.51631859302
15	3.55428339099
16	0
17	3.29331526586
18	0
19	3.51063885798
20	3.49555259619
Task set: Num Tasks 150 | Util 35 | Pop Size 200

Utilization 35.0
MW Algorithm
The number of CPU's used is 10
1	3.69139085812
2	3.27662587413
3	3.5157712469
4	3.39947273653
5	2.91364866285
6	3.59368081478
7	3.47035250872
8	3.63686085185
9	3.79752862395
10	3.70466782217
11	0
12	0
13	0
14	0
15	0
16	0
17	0
18	0
19	0
20	0
 
HMWG algorithm
The number of CPU's used is 10
Allocation strategy
1	3.77186246491
2	3.47112251184
3	3.5157712469
4	3.46132501195
5	2.97755711324
6	3.53499889495
7	3.29649550314
8	3.70958294396
9	3.53323153417
10	3.72805277494
11	0
12	0
13	0
14	0
15	0
16	0
17	0
18	0
19	0
20	0
HMMWG algorithm
The number of CPU's used is 10
Allocation strategy
1	3.70408827703
2	0
3	3.54053111873
4	0
5	3.07691982173
6	0
7	0
8	3.47931824205
9	3.53652691347
10	0
11	0
12	3.54710902568
13	0
14	3.77147505035
15	3.77177940277
16	3.04635079993
17	0
18	0
19	3.52590134826
20	0
Task set: Num Tasks 200 | Util 35 | Pop Size 200

Utilization 35.0
MW Algorithm
The number of CPU's used is 10
1	3.52164212878
2	3.54696713577
3	3.65389348
4	3.40588156009
5	2.99511448703
6	3.61885942854
7	3.61953929381
8	3.57439191314
9	3.50998235442
10	3.55372821841
11	0
12	0
13	0
14	0
15	0
16	0
17	0
18	0
19	0
20	0
 
HMWG algorithm
The number of CPU's used is 10
Allocation strategy
1	3.73857554394
2	3.54696713577
3	3.47992648284
4	3.53229671521
5	3.04823487294
6	3.32826515805
7	3.32966578305
8	3.77044960906
9	3.50270703221
10	3.72291166693
11	0
12	0
13	0
14	0
15	0
16	0
17	0
18	0
19	0
20	0
HMMWG algorithm
The number of CPU's used is 10
Allocation strategy
1	0
2	0
3	0
4	0
5	0
6	3.31719441581
7	0
8	3.54209099993
9	3.55327305942
10	3.50776138652
11	0
12	3.45284445164
13	3.52203769809
14	3.5144179356
15	3.5456974076
16	0
17	0
18	3.49769784525
19	0
20	3.54698480015
Task set: Num Tasks 300 | Util 35 | Pop Size 200

Utilization 35.0
MW Algorithm
The number of CPU's used is 10
1	3.58163013587
2	3.46944583904
3	3.51610039737
4	3.50730791968
5	3.05509168932
6	3.59505966857
7	3.51337364014
8	3.56103033791
9	3.56242162921
10	3.63853874288
11	0
12	0
13	0
14	0
15	0
16	0
17	0
18	0
19	0
20	0
 
HMWG algorithm
The number of CPU's used is 10
Allocation strategy
1	3.72997069493
2	3.2941969821
3	3.51610039737
4	3.50730791968
5	3.08127654166
6	3.49881807366
7	3.3292472433
8	3.72837105896
9	3.55127731211
10	3.76343377624
11	0
12	0
13	0
14	0
15	0
16	0
17	0
18	0
19	0
20	0
HMMWG algorithm
The number of CPU's used is 10
Allocation strategy
1	0
2	0
3	0
4	3.51484129719
5	3.01302016938
6	0
7	3.69647655051
8	0
9	3.77667617692
10	0
11	3.33270530227
12	3.49031657511
13	0
14	3.719786528
15	0
16	3.08952645499
17	0
18	0
19	3.70726774401
20	3.65938320162
Task set: Num Tasks 100 | Util 45 | Pop Size 200

Utilization 45.0
MW Algorithm
The number of CPU's used is 14
1	3.25688422462
2	3.16352186372
3	3.72794865283
4	3.23613570088
5	2.42264942128
6	3.26002945498
7	3.50557568307
8	3.29992922057
9	3.14742359743
10	3.15148111768
11	3.30409748809
12	3.00050299705
13	3.29617930671
14	3.2276412711
15	0
16	0
17	0
18	0
19	0
20	0
 
HMWG algorithm
The number of CPU's used is 14
Allocation strategy
1	3.55460047102
2	3.090508065
3	3.25478432385
4	3.23613570088
5	3.10679767909
6	2.62226616376
7	2.86683867602
8	3.29992922057
9	3.25158100485
10	3.32084941279
11	3.30409748809
12	3.27266225209
13	3.29541828588
14	3.5235312561
15	0
16	0
17	0
18	0
19	0
20	0
HMMWG algorithm
The number of CPU's used is 13
Allocation strategy
1	3.47457430889
2	0
3	3.50975885792
4	3.43196206493
5	0
6	0
7	3.24990521477
8	3.51766032146
9	3.53871901382
10	3.49719187375
11	3.32507252758
12	3.53046755417
13	3.54329932448
14	3.54890825246
15	0
16	0
17	0
18	0
19	3.51687509616
20	3.3156055896
Task set: Num Tasks 150 | Util 45 | Pop Size 200

Utilization 45.0
MW Algorithm
The number of CPU's used is 13
1	3.48621978121
2	3.14389895767
3	3.61340087582
4	3.14185233593
5	2.91361005082
6	3.84944626745
7	3.76937252492
8	3.83879286551
9	3.64418557547
10	3.46824809495
11	3.18481137582
12	3.48508921016
13	3.46107208427
14	0
15	0
16	0
17	0
18	0
19	0
20	0
 
HMWG algorithm
The number of CPU's used is 13
Allocation strategy
1	3.75200399414
2	3.47880727282
3	3.22795196077
4	3.47433662453
5	3.10231975007
6	3.3287883956
7	3.32322319167
8	3.73309655169
9	3.49674547347
10	3.55534583517
11	3.22603293566
12	3.54801429289
13	3.75333372152
14	0
15	0
16	0
17	0
18	0
19	0
20	0
HMMWG algorithm
The number of CPU's used is 13
Allocation strategy
1	0
2	0
3	3.30458484932
4	3.50408879073
5	0
6	3.29880022863
7	0
8	3.760455582
9	0
10	3.54743660509
11	3.2079666672
12	3.43153525885
13	0
14	3.76183685898
15	0
16	3.09989273585
17	3.29178320954
18	3.52063354352
19	3.50887669978
20	3.76210897051
Task set: Num Tasks 200 | Util 45 | Pop Size 200

Utilization 45.0
MW Algorithm
The number of CPU's used is 13
1	3.59248019398
2	3.51884501338
3	3.46766373012
4	3.45526465175
5	3.09858498429
6	3.57134085472
7	3.44942208886
8	3.69773265342
9	3.48102924234
10	3.47274315527
11	3.07383223012
12	3.4993938798
13	3.62166732195
14	0
15	0
16	0
17	0
18	0
19	0
20	0
 
HMWG algorithm
The number of CPU's used is 13
Allocation strategy
1	3.74216330002
2	3.50495392958
3	3.2248609986
4	3.5555539528
5	3.09858498429
6	3.32447598478
7	3.32336276986
8	3.71020764269
9	3.48897596133
10	3.54431159114
11	3.23303325587
12	3.4993938798
13	3.75012174926
14	0
15	0
16	0
17	0
18	0
19	0
20	0
HMMWG algorithm
The number of CPU's used is 12
Allocation strategy
1	3.77714206655
2	0
3	3.71351498215
4	0
5	0
6	3.74614204257
7	3.91064727825
8	3.92180369593
9	3.94425757365
10	3.74815314922
11	3.33332090571
12	0
13	3.71849319176
14	3.73193596851
15	0
16	0
17	0
18	0
19	3.70639690863
20	3.74819223706
Task set: Num Tasks 300 | Util 45 | Pop Size 200

Utilization 45.0
MW Algorithm
The number of CPU's used is 13
1	3.65151275314
2	3.48610069273
3	3.57619917148
4	3.41901555306
5	2.98805525642
6	3.47328559909
7	3.5218457156
8	3.65376354509
9	3.51991127883
10	3.54168027089
11	3.22963061097
12	3.42695465274
13	3.51204489995
14	0
15	0
16	0
17	0
18	0
19	0
20	0
 
HMWG algorithm
The number of CPU's used is 13
Allocation strategy
1	3.76165386744
2	3.48610069273
3	3.32397961091
4	3.51462425599
5	3.07615531616
6	3.54788098404
7	3.10993980585
8	3.55526820398
9	3.50490613659
10	3.54168027089
11	3.32459361193
12	3.48334862079
13	3.76986862269
14	0
15	0
16	0
17	0
18	0
19	0
20	0
HMMWG algorithm
The number of CPU's used is 13
Allocation strategy
1	0
2	0
3	3.32154913264
4	0
5	0
6	3.32039614415
7	3.27688966111
8	0
9	3.49165397346
10	3.50012821911
11	3.32765586595
12	3.53346836111
13	3.70480266427
14	3.69247963874
15	0
16	0
17	3.26659029583
18	3.52314602531
19	3.51803066474
20	3.52320935357
