Start scheduler

Task set: Num Tasks 100 | Util 20 | Pop Size 200

Utilization 20.0
MW Algorithm
The number of CPU's used is 6
1	3.53442344919
2	3.29082822132
3	3.43852278691
4	3.42839301759
5	2.93687722988
6	3.37095529512
7	0
8	0
9	0
10	0
11	0
12	0
13	0
14	0
15	0
16	0
17	0
18	0
19	0
20	0
 
HMWG algorithm
The number of CPU's used is 6
Allocation strategy
1	3.75743771706
2	3.3312928766
3	3.20251253851
4	3.52676357095
5	3.10556275494
6	3.07643054193
7	0
8	0
9	0
10	0
11	0
12	0
13	0
14	0
15	0
16	0
17	0
18	0
19	0
20	0
HMMWG algorithm
The number of CPU's used is 6
Allocation strategy
1	0
2	0
3	3.02485612823
4	0
5	0
6	0
7	0
8	0
9	0
10	0
11	0
12	3.25486289418
13	3.53823668248
14	3.53688482836
15	0
16	0
17	0
18	0
19	3.32992284597
20	3.31523662077
Task set: Num Tasks 150 | Util 20 | Pop Size 200

Utilization 20.0
MW Algorithm
The number of CPU's used is 6
1	3.42269422858
2	3.37793186021
3	3.37174885796
4	3.4566921425
5	2.93704521996
6	3.43388769079
7	0
8	0
9	0
10	0
11	0
12	0
13	0
14	0
15	0
16	0
17	0
18	0
19	0
20	0
 
HMWG algorithm
The number of CPU's used is 6
Allocation strategy
1	3.44050738633
2	3.54958941121
3	3.32847779997
4	3.52804652265
5	2.83541608111
6	3.31796279873
7	0
8	0
9	0
10	0
11	0
12	0
13	0
14	0
15	0
16	0
17	0
18	0
19	0
20	0
HMMWG algorithm
The number of CPU's used is 6
Allocation strategy
1	0
2	0
3	3.31515897024
4	0
5	0
6	0
7	3.10608030998
8	0
9	3.52455498729
10	3.49422243579
11	0
12	0
13	0
14	0
15	0
16	0
17	0
18	0
19	3.2792424798
20	3.2807408169
Task set: Num Tasks 200 | Util 20 | Pop Size 200

Utilization 20.0
MW Algorithm
The number of CPU's used is 6
1	3.36802688714
2	3.382757467
3	3.41136434438
4	3.41619076696
5	3.03509551371
6	3.3865650208
7	0
8	0
9	0
10	0
11	0
12	0
13	0
14	0
15	0
16	0
17	0
18	0
19	0
20	0
 
HMWG algorithm
The number of CPU's used is 6
Allocation strategy
1	3.51135190557
2	3.31835604458
3	3.33244074837
4	3.41619076696
5	2.86780772488
6	3.55385280963
7	0
8	0
9	0
10	0
11	0
12	0
13	0
14	0
15	0
16	0
17	0
18	0
19	0
20	0
HMMWG algorithm
The number of CPU's used is 6
Allocation strategy
1	0
2	0
3	3.28311356473
4	0
5	0
6	0
7	0
8	0
9	0
10	0
11	0
12	3.33208240631
13	3.31480772025
14	3.46081367285
15	0
16	0
17	0
18	0
19	3.30973833762
20	3.29944429825
Task set: Num Tasks 300 | Util 20 | Pop Size 200

Utilization 20.0
MW Algorithm
The number of CPU's used is 6
1	3.37539313616
2	3.39249195201
3	3.41866493464
4	3.37670964119
5	3.05481297857
6	3.38192735743
7	0
8	0
9	0
10	0
11	0
12	0
13	0
14	0
15	0
16	0
17	0
18	0
19	0
20	0
 
HMWG algorithm
The number of CPU's used is 6
Allocation strategy
1	3.50736502544
2	3.49998862555
3	3.3111682611
4	3.30886253882
5	3.05481297857
6	3.31780257052
7	0
8	0
9	0
10	0
11	0
12	0
13	0
14	0
15	0
16	0
17	0
18	0
19	0
20	0
HMMWG algorithm
The number of CPU's used is 6
Allocation strategy
1	0
2	0
3	0
4	0
5	0
6	0
7	0
8	3.43735298992
9	0
10	0
11	3.28527630495
12	0
13	0
14	0
15	0
16	3.02962749276
17	3.29798950122
18	3.44829635458
19	0
20	3.50145735656
Task set: Num Tasks 100 | Util 35 | Pop Size 200

Utilization 35.0
MW Algorithm
The number of CPU's used is 11
1	3.19457675892
2	3.15442918964
3	3.28067930764
4	3.25660239708
5	2.8218316311
6	3.27861942794
7	3.1811351245
8	3.16600574073
9	3.56937830896
10	3.15355148217
11	2.9431906313
12	0
13	0
14	0
15	0
16	0
17	0
18	0
19	0
20	0
 
HMWG algorithm
The number of CPU's used is 11
Allocation strategy
1	3.52120400803
2	3.30869843198
3	3.31314709008
4	3.47189395137
5	3.10584966208
6	3.08661763013
7	1.99897559366
8	3.31967536511
9	3.29998387632
10	3.33205133745
11	3.24190305376
12	0
13	0
14	0
15	0
16	0
17	0
18	0
19	0
20	0
HMMWG algorithm
The number of CPU's used is 10
Allocation strategy
1	0
2	0
3	3.28228939723
4	0
5	3.09776966344
6	3.31063405807
7	0
8	3.77521617751
9	3.72384216516
10	0
11	0
12	3.47911057117
13	3.75114338467
14	0
15	0
16	0
17	0
18	3.49714559189
19	3.55311211514
20	3.52973687571
Task set: Num Tasks 150 | Util 35 | Pop Size 200

Utilization 35.0
MW Algorithm
The number of CPU's used is 10
1	3.71890786237
2	3.28561281545
3	3.51815117958
4	3.37685262911
5	2.88090885743
6	3.52859418186
7	3.76066610018
8	3.7568283212
9	3.65376326337
10	3.51971478945
11	0
12	0
13	0
14	0
15	0
16	0
17	0
18	0
19	0
20	0
 
HMWG algorithm
The number of CPU's used is 10
Allocation strategy
1	3.67164205967
2	3.50771799554
3	3.54139654939
4	3.55100700975
5	3.0875966933
6	3.31511321635
7	3.3005245726
8	3.7568283212
9	3.54506137376
10	3.72311220845
11	0
12	0
13	0
14	0
15	0
16	0
17	0
18	0
19	0
20	0
HMMWG algorithm
The number of CPU's used is 10
Allocation strategy
1	0
2	0
3	0
4	0
5	0
6	0
7	0
8	3.54335037386
9	0
10	3.53722943626
11	0
12	3.48619648155
13	3.76860707884
14	3.51898866711
15	3.5095144336
16	3.08864752354
17	0
18	3.46046601409
19	3.54612111072
20	3.54087888043
Task set: Num Tasks 200 | Util 35 | Pop Size 200

Utilization 35.0
MW Algorithm
The number of CPU's used is 10
1	3.61488174202
2	3.48402192097
3	3.67612357913
4	3.39393739972
5	2.93046482134
6	3.64926401042
7	3.49304028605
8	3.50970501994
9	3.66306030949
10	3.58550091092
11	0
12	0
13	0
14	0
15	0
16	0
17	0
18	0
19	0
20	0
 
HMWG algorithm
The number of CPU's used is 10
Allocation strategy
1	3.7354443456
2	3.48402192097
3	3.42865234402
4	3.54467842949
5	3.09304824897
6	3.2900734657
7	3.2344137837
8	3.68056225068
9	3.75334186055
10	3.75576335032
11	0
12	0
13	0
14	0
15	0
16	0
17	0
18	0
19	0
20	0
HMMWG algorithm
The number of CPU's used is 10
Allocation strategy
1	0
2	0
3	0
4	0
5	0
6	3.46496308449
7	0
8	3.75700087703
9	0
10	0
11	3.31179130825
12	3.54753744941
13	3.76468425386
14	3.61758246303
15	0
16	3.09231808137
17	3.26200286565
18	3.4627591187
19	0
20	3.7193604982
Task set: Num Tasks 300 | Util 35 | Pop Size 200

Utilization 35.0
MW Algorithm
The number of CPU's used is 10
1	3.61024016479
2	3.46093474088
3	3.50384191857
4	3.42828898693
5	3.06970027926
6	3.60739765653
7	3.52587292073
8	3.63813548207
9	3.52214925914
10	3.63343859109
11	0
12	0
13	0
14	0
15	0
16	0
17	0
18	0
19	0
20	0
 
HMWG algorithm
The number of CPU's used is 10
Allocation strategy
1	3.76191279603
2	3.30926210964
3	3.32751659449
4	3.47034375669
5	3.06970027926
6	3.54968580376
7	3.45962846545
8	3.7765310952
9	3.53798492329
10	3.73743417619
11	0
12	0
13	0
14	0
15	0
16	0
17	0
18	0
19	0
20	0
HMMWG algorithm
The number of CPU's used is 10
Allocation strategy
1	0
2	0
3	0
4	3.47074610045
5	0
6	0
7	3.33131958021
8	3.47684217832
9	0
10	3.54235576002
11	0
12	3.50961608129
13	0
14	3.64530403637
15	3.49884293944
16	0
17	0
18	3.44834417254
19	3.52291784599
20	3.55371130537
Task set: Num Tasks 100 | Util 45 | Pop Size 200

Utilization 45.0
MW Algorithm
The number of CPU's used is 14
1	3.33412734015
2	3.4392704623
3	3.16456956288
4	2.97625197021
5	2.95737748998
6	3.13693487467
7	3.38544486124
8	3.31477143491
9	3.4350611027
10	3.49299728421
11	2.91025120348
12	3.22387454754
13	3.05934833602
14	3.16971952972
15	0
16	0
17	0
18	0
19	0
20	0
 
HMWG algorithm
The number of CPU's used is 14
Allocation strategy
1	3.28734524672
2	3.10628167913
3	3.33064439843
4	3.53888004304
5	3.05012260789
6	3.32687744701
7	3.03228929808
8	3.31477143491
9	3.08743440947
10	3.32952565424
11	3.31601067579
12	3.55336201111
13	3.74166355134
14	1.98479154283
15	0
16	0
17	0
18	0
19	0
20	0
HMMWG algorithm
The number of CPU's used is 13
Allocation strategy
1	0
2	0
3	3.53816448131
4	3.5345770334
5	0
6	0
7	3.02527896983
8	3.53996274237
9	3.52201664525
10	3.74212520979
11	0
12	3.52674113231
13	3.74849899979
14	3.77228918052
15	0
16	3.09504236526
17	0
18	3.53540222884
19	3.32963037424
20	3.09027063709
Task set: Num Tasks 150 | Util 45 | Pop Size 200

Utilization 45.0
MW Algorithm
The number of CPU's used is 13
1	3.55671300004
2	3.51560941246
3	3.40189078881
4	3.36387268688
5	2.99880960372
6	3.86384227769
7	3.69430053594
8	3.39262754638
9	3.44013867195
10	3.46741509967
11	3.29531523199
12	3.47267831141
13	3.53678683308
14	0
15	0
16	0
17	0
18	0
19	0
20	0
 
HMWG algorithm
The number of CPU's used is 13
Allocation strategy
1	3.77760473945
2	3.55441124914
3	3.26958484378
4	3.55521704783
5	3.07779168707
6	3.32579046689
7	3.28569780676
8	3.50442059902
9	3.54364484865
10	3.5416191294
11	3.29531523199
12	3.51711708186
13	3.75178526814
14	0
15	0
16	0
17	0
18	0
19	0
20	0
HMMWG algorithm
The number of CPU's used is 13
Allocation strategy
1	0
2	3.51802799196
3	3.0380216059
4	0
5	0
6	0
7	0
8	3.55372826299
9	3.51311584513
10	3.53740208747
11	0
12	3.5515985442
13	3.73417923226
14	3.52682099562
15	3.55264638823
16	3.09949453969
17	3.29531523199
18	0
19	3.53998663823
20	3.53966263633
Task set: Num Tasks 200 | Util 45 | Pop Size 200

Utilization 45.0
MW Algorithm
The number of CPU's used is 13
1	3.56961948718
2	3.54556331377
3	3.58117361147
4	3.42891263293
5	3.08531462878
6	3.5269337789
7	3.45947577114
8	3.46278615381
9	3.62098504228
10	3.47901062452
11	3.17860731676
12	3.55554992413
13	3.50606771433
14	0
15	0
16	0
17	0
18	0
19	0
20	0
 
HMWG algorithm
The number of CPU's used is 13
Allocation strategy
1	3.74318494266
2	3.54556331377
3	3.26697281338
4	3.42891263293
5	3.08531462878
6	3.31035919796
7	3.27777100111
8	3.77184719019
9	3.42653302916
10	3.48864383
11	3.3280218414
12	3.55554992413
13	3.77132565452
14	0
15	0
16	0
17	0
18	0
19	0
20	0
HMMWG algorithm
The number of CPU's used is 13
Allocation strategy
1	3.74890691654
2	3.31221282986
3	3.27468656199
4	0
5	0
6	0
7	0
8	3.52027894799
9	3.44820140792
10	3.55497669684
11	3.32803892965
12	3.44982463973
13	0
14	3.52189007748
15	0
16	0
17	3.27757945543
18	3.55038368445
19	3.46075236246
20	3.55226748965
Task set: Num Tasks 300 | Util 45 | Pop Size 200

Utilization 45.0
MW Algorithm
The number of CPU's used is 13
1	3.5641567639
2	3.52925817204
3	3.52591217525
4	3.44170285383
5	2.97057940317
6	3.48945917866
7	3.53298927235
8	3.49183080002
9	3.61459248742
10	3.51763884393
11	3.29122359838
12	3.46637156687
13	3.56428488418
14	0
15	0
16	0
17	0
18	0
19	0
20	0
 
HMWG algorithm
The number of CPU's used is 13
Allocation strategy
1	3.68467056187
2	3.53998694039
3	3.52475583436
4	3.55022836841
5	3.09996888032
6	3.53950796547
7	3.11004236919
8	3.76712069084
9	3.5403177773
10	3.28778475443
11	3.31613503251
12	3.4855685394
13	3.55391228551
14	0
15	0
16	0
17	0
18	0
19	0
20	0
HMMWG algorithm
The number of CPU's used is 13
Allocation strategy
1	3.77095460478
2	0
3	0
4	0
5	0
6	0
7	3.10611344069
8	3.76246116109
9	3.51586971332
10	3.50427433036
11	3.27404065546
12	3.53716966425
13	3.43812089586
14	0
15	3.53239289798
16	0
17	3.32899346175
18	3.46656420851
19	3.48316182185
20	3.27988314409
