Start scheduler

Task set: Num Tasks 100 | Util 20 | Pop Size 200

Utilization 20.0
MW Algorithm
The number of CPU's used is 6
1	3.46923125024
2	3.35121334458
3	3.46340290181
4	3.33459023109
5	3.10249983992
6	3.27906243236
7	0
8	0
9	0
10	0
11	0
12	0
13	0
14	0
15	0
16	0
17	0
18	0
19	0
20	0
 
HMWG algorithm
The number of CPU's used is 6
Allocation strategy
1	3.7493241564
2	3.29568466812
3	3.25533634064
4	3.49356515364
5	3.10249983992
6	3.10358984128
7	0
8	0
9	0
10	0
11	0
12	0
13	0
14	0
15	0
16	0
17	0
18	0
19	0
20	0
HMMWG algorithm
The number of CPU's used is 6
Allocation strategy
1	0
2	0
3	0
4	0
5	0
6	0
7	0
8	0
9	3.31767498779
10	3.52635602173
11	0
12	0
13	0
14	3.52173853398
15	0
16	3.02908711521
17	3.3148665263
18	0
19	0
20	3.29027681499
Task set: Num Tasks 150 | Util 20 | Pop Size 200

Utilization 20.0
MW Algorithm
The number of CPU's used is 6
1	3.31537280981
2	3.40832343232
3	3.42604125972
4	3.42848033181
5	3.06947494604
6	3.3523072203
7	0
8	0
9	0
10	0
11	0
12	0
13	0
14	0
15	0
16	0
17	0
18	0
19	0
20	0
 
HMWG algorithm
The number of CPU's used is 6
Allocation strategy
1	3.75171784033
2	3.32646240164
3	3.29172276319
4	3.47742945598
5	3.06947494604
6	3.08319259283
7	0
8	0
9	0
10	0
11	0
12	0
13	0
14	0
15	0
16	0
17	0
18	0
19	0
20	0
HMMWG algorithm
The number of CPU's used is 6
Allocation strategy
1	0
2	0
3	0
4	0
5	0
6	0
7	3.10094404662
8	0
9	3.29659896253
10	0
11	0
12	3.47121137988
13	0
14	3.77440939426
15	0
16	0
17	3.09175529831
18	0
19	3.2650809184
20	0
Task set: Num Tasks 200 | Util 20 | Pop Size 200

Utilization 20.0
MW Algorithm
The number of CPU's used is 6
1	3.35919474921
2	3.38922227292
3	3.45572650563
4	3.46077018335
5	2.96916721576
6	3.36591907313
7	0
8	0
9	0
10	0
11	0
12	0
13	0
14	0
15	0
16	0
17	0
18	0
19	0
20	0
 
HMWG algorithm
The number of CPU's used is 6
Allocation strategy
1	3.4628407108
2	3.29552610842
3	3.54942267012
4	3.53950627221
5	2.83332400705
6	3.31938023139
7	0
8	0
9	0
10	0
11	0
12	0
13	0
14	0
15	0
16	0
17	0
18	0
19	0
20	0
HMMWG algorithm
The number of CPU's used is 6
Allocation strategy
1	0
2	0
3	3.32138634994
4	0
5	0
6	0
7	0
8	3.30203733585
9	0
10	0
11	3.2847727555
12	0
13	3.47191828893
14	0
15	0
16	0
17	0
18	0
19	3.30966024477
20	3.31022502502
Task set: Num Tasks 300 | Util 20 | Pop Size 200

Utilization 20.0
MW Algorithm
The number of CPU's used is 6
1	3.43285390826
2	3.41353697629
3	3.35613653182
4	3.3487750251
5	3.03646216011
6	3.41223539841
7	0
8	0
9	0
10	0
11	0
12	0
13	0
14	0
15	0
16	0
17	0
18	0
19	0
20	0
 
HMWG algorithm
The number of CPU's used is 6
Allocation strategy
1	3.53715374946
2	3.50152785431
3	3.28354234481
4	3.31706937092
5	3.03646216011
6	3.32424452039
7	0
8	0
9	0
10	0
11	0
12	0
13	0
14	0
15	0
16	0
17	0
18	0
19	0
20	0
HMMWG algorithm
The number of CPU's used is 6
Allocation strategy
1	0
2	0
3	0
4	0
5	3.03352461071
6	0
7	3.54325049357
8	0
9	0
10	0
11	0
12	3.55114194241
13	0
14	0
15	0
16	3.04387170959
17	3.31607056644
18	3.51214067728
19	0
20	0
Task set: Num Tasks 100 | Util 35 | Pop Size 200

Utilization 35.0
MW Algorithm
The number of CPU's used is 10
1	3.50327527672
2	3.20376817645
3	3.55825098303
4	3.40649882163
5	3.00152737789
6	3.75477515892
7	3.64570278506
8	3.84477699958
9	3.49430788842
10	3.5871165323
11	0
12	0
13	0
14	0
15	0
16	0
17	0
18	0
19	0
20	0
 
HMWG algorithm
The number of CPU's used is 10
Allocation strategy
1	3.7738573081
2	3.51080422302
3	3.30020640999
4	3.40649882163
5	3.10325406969
6	3.32765780054
7	3.32249406313
8	3.99321259605
9	3.52811910428
10	3.73389560356
11	0
12	0
13	0
14	0
15	0
16	0
17	0
18	0
19	0
20	0
HMMWG algorithm
The number of CPU's used is 10
Allocation strategy
1	0
2	3.47705297578
3	0
4	0
5	0
6	3.06461580229
7	3.1044542822
8	3.99070880152
9	0
10	3.49628339072
11	0
12	3.49394608165
13	3.75299382125
14	0
15	0
16	0
17	0
18	3.52091748962
19	3.55225748571
20	3.54676986927
Task set: Num Tasks 150 | Util 35 | Pop Size 200

Utilization 35.0
MW Algorithm
The number of CPU's used is 10
1	3.70876702802
2	3.45237308566
3	3.66519984389
4	3.38750497084
5	2.98243080988
6	3.50814372823
7	3.47996181836
8	3.49354936531
9	3.71184153252
10	3.61022781729
11	0
12	0
13	0
14	0
15	0
16	0
17	0
18	0
19	0
20	0
 
HMWG algorithm
The number of CPU's used is 10
Allocation strategy
1	3.70876702802
2	3.45237308566
3	3.53296919675
4	3.55417543069
5	2.98243080988
6	3.25756001435
7	3.25261330146
8	3.74775081889
9	3.76890184986
10	3.74245846443
11	0
12	0
13	0
14	0
15	0
16	0
17	0
18	0
19	0
20	0
HMMWG algorithm
The number of CPU's used is 10
Allocation strategy
1	3.77317332772
2	0
3	0
4	0
5	0
6	0
7	0
8	3.54199695038
9	3.52979538227
10	0
11	3.32300236529
12	3.51650105039
13	3.729233479
14	0
15	0
16	3.08521845353
17	0
18	3.4956921548
19	3.51244582805
20	3.49294100856
Task set: Num Tasks 200 | Util 35 | Pop Size 200

Utilization 35.0
MW Algorithm
The number of CPU's used is 10
1	3.57971355274
2	3.30387586238
3	3.60799711986
4	3.48599010386
5	2.86827686815
6	3.64465453204
7	3.59503931184
8	3.66053324609
9	3.59170429384
10	3.6622151092
11	0
12	0
13	0
14	0
15	0
16	0
17	0
18	0
19	0
20	0
 
HMWG algorithm
The number of CPU's used is 10
Allocation strategy
1	3.76520194589
2	3.49656493702
3	3.5513302564
4	3.54166169412
5	3.09603274756
6	3.28721832488
7	3.32265505107
8	3.76554182957
9	3.49247870073
10	3.68131451276
11	0
12	0
13	0
14	0
15	0
16	0
17	0
18	0
19	0
20	0
HMMWG algorithm
The number of CPU's used is 10
Allocation strategy
1	3.76006166766
2	0
3	3.52932218005
4	0
5	3.10927729772
6	0
7	0
8	3.76417697753
9	3.5261740368
10	3.71953441381
11	3.24855535896
12	0
13	0
14	3.76879809785
15	0
16	3.05212915865
17	0
18	3.52197081097
19	0
20	0
Task set: Num Tasks 300 | Util 35 | Pop Size 200

Utilization 35.0
MW Algorithm
The number of CPU's used is 10
1	3.61441960273
2	3.41533172822
3	3.57479734557
4	3.42132714843
5	3.03741086796
6	3.53685723802
7	3.53052207136
8	3.59603287726
9	3.57797335342
10	3.69532776703
11	0
12	0
13	0
14	0
15	0
16	0
17	0
18	0
19	0
20	0
 
HMWG algorithm
The number of CPU's used is 10
Allocation strategy
1	3.5245301818
2	3.55016698661
3	3.50656443218
4	3.47388076756
5	3.0709158551
6	3.30911118562
7	3.53052207136
8	3.95758805756
9	3.77339553868
10	3.30332492354
11	0
12	0
13	0
14	0
15	0
16	0
17	0
18	0
19	0
20	0
HMMWG algorithm
The number of CPU's used is 10
Allocation strategy
1	0
2	0
3	3.23861498875
4	0
5	0
6	3.2834705492
7	0
8	3.7466182022
9	0
10	3.51555814559
11	0
12	3.53166571793
13	3.47201776102
14	3.55428796883
15	3.554556257
16	0
17	0
18	0
19	3.55119400046
20	3.55201640901
Task set: Num Tasks 100 | Util 45 | Pop Size 200

Utilization 45.0
MW Algorithm
The number of CPU's used is 13
1	3.459892885
2	3.43294338212
3	3.7220179942
4	3.33875434918
5	3.01626819145
6	3.35561354812
7	3.89613271545
8	3.82085138202
9	3.80427895024
10	3.3096991327
11	2.94030984492
12	3.14717501962
13	3.75606260497
14	0
15	0
16	0
17	0
18	0
19	0
20	0
 
HMWG algorithm
The number of CPU's used is 13
Allocation strategy
1	3.76167538532
2	3.43294338212
3	3.52997403572
4	3.5081896402
5	3.00459333453
6	3.21176567315
7	3.07590952476
8	3.54011786308
9	3.75188245465
10	3.77517855648
11	3.09722193237
12	3.55448561265
13	3.75606260497
14	0
15	0
16	0
17	0
18	0
19	0
20	0
HMMWG algorithm
The number of CPU's used is 13
Allocation strategy
1	0
2	0
3	3.50833397206
4	0
5	0
6	3.25307804416
7	0
8	3.54873480736
9	3.50340372917
10	3.45480752693
11	0
12	3.50948660167
13	3.50014756806
14	3.7627131117
15	3.32636333674
16	3.08275556858
17	0
18	3.5463855629
19	3.5061451103
20	3.49764506037
Task set: Num Tasks 150 | Util 45 | Pop Size 200

Utilization 45.0
MW Algorithm
The number of CPU's used is 13
1	3.56475660737
2	3.48936083903
3	3.43980540707
4	3.27019825418
5	2.80504271085
6	3.73272832698
7	3.47378577938
8	3.82364346733
9	3.49230339574
10	3.64295711231
11	3.15539111293
12	3.51236206436
13	3.5976649225
14	0
15	0
16	0
17	0
18	0
19	0
20	0
 
HMWG algorithm
The number of CPU's used is 13
Allocation strategy
1	3.54743710489
2	3.55404621968
3	3.29749342956
4	3.55243698443
5	2.62412363041
6	3.74855089821
7	3.32442986233
8	3.54999980046
9	3.51997356774
10	3.7522346143
11	3.2952519863
12	3.53734084655
13	3.69668105513
14	0
15	0
16	0
17	0
18	0
19	0
20	0
HMMWG algorithm
The number of CPU's used is 13
Allocation strategy
1	0
2	0
3	3.32375364205
4	0
5	3.03360782745
6	0
7	3.28860640333
8	3.73047654178
9	0
10	3.72972967222
11	3.2942142775
12	3.54471413379
13	3.74174977121
14	3.76579736595
15	0
16	3.0721686728
17	0
18	3.45088954542
19	3.52640517874
20	3.49788696775
Task set: Num Tasks 200 | Util 45 | Pop Size 200

Utilization 45.0
MW Algorithm
The number of CPU's used is 13
1	3.71267211924
2	3.55417445521
3	3.44812537693
4	3.50814211404
5	2.90417966427
6	3.48691402896
7	3.66951476021
8	3.65856418147
9	3.61383610701
10	3.48792923031
11	3.03092496296
12	3.49763002746
13	3.42739297192
14	0
15	0
16	0
17	0
18	0
19	0
20	0
 
HMWG algorithm
The number of CPU's used is 13
Allocation strategy
1	3.72993641997
2	3.55417445521
3	3.23470328544
4	3.50814211404
5	3.09982052188
6	3.24771889774
7	3.33211264486
8	3.75353253532
9	3.49019416178
10	3.76028589556
11	3.24071412357
12	3.49763002746
13	3.55103491714
14	0
15	0
16	0
17	0
18	0
19	0
20	0
HMMWG algorithm
The number of CPU's used is 13
Allocation strategy
1	0
2	0
3	3.3194419668
4	3.55417445521
5	3.08948348099
6	3.28093756284
7	0
8	3.71855597039
9	3.54980748438
10	3.51091991191
11	0
12	3.55266650066
13	3.76188471874
14	0
15	0
16	3.08201952949
17	0
18	3.53038603847
19	3.76167846142
20	3.28804391869
Task set: Num Tasks 300 | Util 45 | Pop Size 200

Utilization 45.0
MW Algorithm
The number of CPU's used is 13
1	3.58462783811
2	3.54037351945
3	3.51336812661
4	3.44120872346
5	2.92137635289
6	3.6064042149
7	3.46723776203
8	3.46570757195
9	3.4753852549
10	3.68853549375
11	3.29190053488
12	3.39409700657
13	3.60977760051
14	0
15	0
16	0
17	0
18	0
19	0
20	0
 
HMWG algorithm
The number of CPU's used is 13
Allocation strategy
1	3.76286681865
2	3.5281366182
3	3.29017491537
4	3.32999012561
5	3.09674761021
6	3.32339236099
7	3.31622427003
8	3.74956725551
9	3.51544944645
10	3.73936557333
11	3.26836514454
12	3.53073157105
13	3.54898829003
14	0
15	0
16	0
17	0
18	0
19	0
20	0
HMMWG algorithm
The number of CPU's used is 13
Allocation strategy
1	0
2	0
3	3.51253726046
4	0
5	2.97909273782
6	3.5536691473
7	0
8	3.75807509701
9	0
10	3.73224231035
11	3.29705920987
12	3.46002438575
13	3.54449008311
14	3.74540380582
15	0
16	3.06688646776
17	3.25077991101
18	0
19	3.54686157708
20	3.55287800667
