Start scheduler

Task set: Num Tasks 300 | Util 45 | Pop Size 2000

Utilization 44.6514171473
MW Algorithm
The number of CPU's used is 13
Allocation stategy
1	3.52147985461
2	3.45438608683
3	3.25850698219
4	3.54939092735
5	3.47181072465
6	3.43648998453
7	3.47988356664
8	3.55224727361
9	3.4597790228
10	3.45117090045
11	3.30986690024
12	3.46058959985
13	3.24581532358
14	0
15	0
16	0
17	0
18	0
19	0
20	0

HybridWGA algorithm
Genetic Algorithm
The number of CPU's used is 13
Allocation stategy
1	3.52147985461
2	3.52270520901
3	3.29635149274
4	3.76213917046
5	3.31367199542
6	3.32958824434
7	3.27773813816
8	3.52213593059
9	3.475569216
10	3.52523793315
11	3.27202238968
12	3.50948819396
13	3.32328937921
14	0
15	0
16	0
17	0
18	0
19	0
20	0

