Start scheduler

Task set: Num Tasks 100 | Util 20 | Pop Size 200

Utilization 18.9923530832

Genetic Algorithm
The number of CPU's used is 11
Allocation strategy
1	0
2	1.82301902584
3	0
4	0
5	0
6	1.99132660557
7	1.99598640587
8	1.92623709651
9	0
10	1.97726297918
11	1.97905184996
12	0
13	0
14	1.98855342941
15	0
16	0.304197549682
17	0
18	1.99163072512
19	1.03706829452
20	1.97801912151

MW Algorithm
The number of CPU's used is 6
Allocation strategy
1	3.35156275417
2	3.14955151761
3	3.18805033374
4	3.26829333744
5	2.88488140258
6	3.15001373763
7	0
8	0
9	0
10	0
11	0
12	0
13	0
14	0
15	0
16	0
17	0
18	0
19	0
20	0

HybridWGA algorithm
The number of CPU's used is 6
Allocation strategy
1	0
2	0
3	3.09208308278
4	0
5	0
6	0
7	0
8	3.08699779938
9	3.26262406779
10	0
11	0
12	0
13	0
14	3.12192021971
15	0
16	0
17	3.1282712553
18	0
19	0
20	3.30045665821

Genetic Algorithm
The number of CPU's used is 6
Allocation strategy
1	0
2	0
3	3.0933391321
4	0
5	0
6	0
7	0
8	3.29797640874
9	3.10443190247
10	0
11	0
12	0
13	0
14	3.31535045783
15	0
16	0
17	3.09177713318
18	0
19	0
20	3.08947804885

