Start scheduler

Task set: Num Tasks 300 | Util 45 | Pop Size 2000

Utilization 45.1698370649
MW Algorithm
The number of CPU's used is 14
Allocation stategy
1	3.26036754389
2	3.28489092286
3	3.16016744365
4	3.24730426831
5	3.30072592504
6	3.1877458035
7	3.24412247588
8	3.16964751926
9	3.26318666271
10	3.17812562284
11	3.26103323381
12	3.1626464396
13	3.23137634507
14	3.21849685848
15	0
16	0
17	0
18	0
19	0
20	0

HybridWGA algorithm
Genetic Algorithm
The number of CPU's used is 14
Allocation stategy
1	3.53583642721
2	3.10159082112
3	3.07745968146
4	3.55193252739
5	3.10732194413
6	2.79421721581
7	3.05858614146
8	3.24790277515
9	3.32655419814
10	3.28956509919
11	3.32026410869
12	3.26163090522
13	3.23137634507
14	3.26559887488
15	0
16	0
17	0
18	0
19	0
20	0

