Start scheduler

Task set: Num Tasks 300 | Util 45 | Pop Size 2000

Utilization 45.3730541533
MW Algorithm
The number of CPU's used is 14
Allocation stategy
1	3.35898904928
2	3.2040747826
3	3.22299518595
4	3.21743501776
5	3.32221050353
6	3.28535670961
7	3.24834595777
8	3.23312360732
9	3.2031568331
10	3.21806585905
11	3.25604576537
12	3.1942004013
13	3.21004519057
14	3.19900929011
15	0
16	0
17	0
18	0
19	0
20	0

HybridWGA algorithm
Genetic Algorithm
The number of CPU's used is 14
Allocation stategy
1	3.27126276283
2	3.31946565694
3	3.05376796527
4	3.71240460753
5	2.85468620661
6	3.09873941923
7	2.85899625345
8	3.55550000276
9	3.06321627597
10	3.09096402247
11	3.31300577716
12	3.54580197304
13	3.33246679168
14	3.30277643838
15	0
16	0
17	0
18	0
19	0
20	0

