Start scheduler

Task set: Num Tasks 300 | Util 45 | Pop Size 2000

Utilization 45.4127228795
MW Algorithm
The number of CPU's used is 14
Allocation stategy
1	3.19168616576
2	3.21451515293
3	3.24202675726
4	3.23621970476
5	3.2499629602
6	3.22310296648
7	3.24222710744
8	3.26877306791
9	3.30616772542
10	3.25961196458
11	3.17761272352
12	3.32352240528
13	3.18915845016
14	3.28813572776
15	0
16	0
17	0
18	0
19	0
20	0

HybridWGA algorithm
Genetic Algorithm
The number of CPU's used is 14
Allocation stategy
1	3.54694036658
2	3.21451515293
3	2.8453337496
4	3.45819288088
5	3.03497247677
6	3.1078401251
7	3.09576085357
8	3.26877306791
9	3.30616772542
10	3.25961196458
11	3.23052410823
12	3.47211759725
13	3.28383708288
14	3.28813572776
15	0
16	0
17	0
18	0
19	0
20	0

