Start scheduler

Task set: Num Tasks 300 | Util 45 | Pop Size 2000

Utilization 45.0617971399
MW Algorithm
The number of CPU's used is 13
Allocation stategy
1	3.53911331217
2	3.44099513914
3	3.26677415889
4	3.70588620423
5	3.4404613443
6	3.36922964874
7	3.44001731905
8	3.72149698924
9	3.74154076243
10	3.47621513269
11	3.29352119822
12	3.37557345569
13	3.25097247514
14	0
15	0
16	0
17	0
18	0
19	0
20	0

HybridWGA algorithm
Genetic Algorithm
The number of CPU's used is 13
Allocation stategy
1	3.44827508118
2	3.5501541837
3	3.26677415889
4	3.74536791399
5	3.28932076574
6	3.55227923387
7	3.27813326322
8	3.72149698924
9	3.74154076243
10	3.31798934541
11	3.29352119822
12	3.53745751153
13	3.31948673251
14	0
15	0
16	0
17	0
18	0
19	0
20	0

