Start scheduler

Task set: Num Tasks 300 | Util 45 | Pop Size 2000

Utilization 44.5205476729
MW Algorithm
The number of CPU's used is 13
Allocation stategy
1	3.40041917826
2	3.41269684992
3	3.19863440315
4	3.46237553847
5	3.40080899978
6	3.46927463257
7	3.47194897321
8	3.49234015801
9	3.63455735345
10	3.54138992605
11	3.24002403105
12	3.54940016175
13	3.24667746724
14	0
15	0
16	0
17	0
18	0
19	0
20	0

HybridWGA algorithm
Genetic Algorithm
The number of CPU's used is 13
Allocation stategy
1	3.52041966988
2	3.41269684992
3	3.19863440315
4	3.46237553847
5	3.37822474601
6	3.54505469939
7	3.39616890638
8	3.51492441177
9	3.51455686184
10	3.54138992605
11	3.24002403105
12	3.54940016175
13	3.24667746724
14	0
15	0
16	0
17	0
18	0
19	0
20	0

