Start scheduler

Task set: Num Tasks 300 | Util 45 | Pop Size 2000

Utilization 45.6745528692
MW Algorithm
The number of CPU's used is 14
Allocation stategy
1	3.29031609431
2	3.30208817627
3	3.21514320012
4	3.32150367549
5	3.26986253518
6	3.31704586835
7	3.30445502216
8	3.2067853324
9	3.17802139345
10	3.27002202988
11	3.2468821659
12	3.30958288852
13	3.24394629386
14	3.19889819328
15	0
16	0
17	0
18	0
19	0
20	0

HybridWGA algorithm
Genetic Algorithm
The number of CPU's used is 14
Allocation stategy
1	3.29031609431
2	3.30208817627
3	3.21514320012
4	3.32150367549
5	3.26986253518
6	3.31704586835
7	3.30445502216
8	3.2067853324
9	3.17802139345
10	3.27002202988
11	3.2468821659
12	3.30958288852
13	3.24394629386
14	3.19889819328
15	0
16	0
17	0
18	0
19	0
20	0

