Start schedulers

Task set: Num Tasks 250 | Util 25

MW
HyMWGA
Generations: 100
The number of CPU's used is 7
1	3.482311611
2	0
3	3.46036621318
4	0
5	0
6	3.625460435
7	3.62423278839
8	3.70506866078
9	3.64979875453
10	3.45276153713
11	0
12	0
13	0
14	0
15	0
16	0
17	0
18	0
19	0
20	0

BaB
The number of CPU's used is 7
1	0
2	0
3	0
4	0
5	0
6	0
7	0
8	0
9	0
10	0
11	3.24403231009
12	3.54553612568
13	3.73851920965
14	3.71401660448
15	0
16	0
17	3.30124896405
18	0
19	3.7682132037
20	3.68843358236

Task set: Num Tasks 350 | Util 25

MW
HyMWGA
Generations: 100
The number of CPU's used is 7
1	3.45985358234
2	0
3	3.45968979047
4	0
5	0
6	3.63061758732
7	3.66723819274
8	3.66996672256
9	3.63832106542
10	3.47431305915
11	0
12	0
13	0
14	0
15	0
16	0
17	0
18	0
19	0
20	0

BaB
The number of CPU's used is 7
1	0
2	0
3	0
4	0
5	0
6	0
7	0
8	0
9	0
10	0
11	3.2490331678
12	3.50857671244
13	3.75979391406
14	3.70180899801
15	0
16	0
17	3.30139463895
18	0
19	3.7333347343
20	3.74605783444

Task set: Num Tasks 450 | Util 25

MW
HyMWGA
Generations: 100
The number of CPU's used is 7
1	3.43398666232
2	0
3	3.42959588469
4	0
5	0
6	3.66852502914
7	3.64890897658
8	3.67574022359
9	3.65070998054
10	3.49253324314
11	0
12	0
13	0
14	0
15	0
16	0
17	0
18	0
19	0
20	0

BaB
The number of CPU's used is 7
1	0
2	0
3	0
4	0
5	0
6	0
7	0
8	0
9	0
10	0
11	0
12	3.48523163859
13	3.68751185296
14	3.69995529463
15	0
16	0
17	3.30221787787
18	3.4585652194
19	3.6835416063
20	3.68297651024

Task set: Num Tasks 250 | Util 35

MW
HyMWGA
Generations: 295
The number of CPU's used is 10
1	3.4664328753
2	0
3	3.43223890845
4	0
5	0
6	3.52336218054
7	3.59159393578
8	3.5385406008
9	3.7406574158
10	3.4353735067
11	0
12	0
13	3.41858312706
14	3.53461242039
15	3.31860502916
16	0
17	0
18	0
19	0
20	0

BaB
The number of CPU's used is 10
1	0
2	0
3	0
4	0
5	3.0762271128
6	0
7	0
8	0
9	0
10	3.7226065891
11	0
12	3.49177555307
13	3.67982727795
14	3.76030952134
15	0
16	3.03023755623
17	3.30388780169
18	3.51485084069
19	3.73000146922
20	3.69027627791

Task set: Num Tasks 350 | Util 35

MW
HyMWGA
Generations: 100
The number of CPU's used is 10
1	3.39934599321
2	0
3	3.35422067335
4	0
5	0
6	3.59366256766
7	3.61754308738
8	3.76208027488
9	3.60660228382
10	3.44420755636
11	0
12	0
13	3.37973227019
14	3.44598322728
15	3.39662206587
16	0
17	0
18	0
19	0
20	0

BaB
The number of CPU's used is 10
1	0
2	0
3	0
4	0
5	0
6	0
7	0
8	3.88772978859
9	0
10	3.59423719798
11	0
12	3.39662282136
13	3.60109762978
14	3.76304238756
15	0
16	2.95071742362
17	3.22361077334
18	3.35410090903
19	3.62196689747
20	3.60687417126

Task set: Num Tasks 450 | Util 35

MW
HyMWGA
Generations: 100
The number of CPU's used is 10
1	3.41279572209
2	0
3	3.39771120926
4	0
5	0
6	3.62095787367
7	3.63351195476
8	3.62456770825
9	3.62508278466
10	3.44816195545
11	0
12	0
13	3.40647363873
14	3.40654973721
15	3.42418741591
16	0
17	0
18	0
19	0
20	0

BaB
The number of CPU's used is 10
1	0
2	0
3	0
4	0
5	3.09240028595
6	0
7	0
8	0
9	0
10	3.70952657169
11	0
12	3.48635266402
13	3.71539461812
14	3.73539930913
15	0
16	3.04628395503
17	3.27334749879
18	3.49442787333
19	3.7244225618
20	3.72244466214

Task set: Num Tasks 250 | Util 45

MW
HyMWGA
Generations: 100
The number of CPU's used is 12
1	3.71303136811
2	0
3	3.67740694277
4	0
5	0
6	3.91581114535
7	3.94802180416
8	3.8998560714
9	3.92101372363
10	3.64380265406
11	0
12	0
13	3.63267720208
14	3.73812206024
15	3.65326460204
16	0
17	0
18	0
19	3.63804491158
20	3.61894751458

BaB
The number of CPU's used is 12
1	3.65693934669
2	0
3	3.68519185972
4	0
5	0
6	0
7	3.93947068743
8	3.95802267173
9	3.99941455552
10	3.66952432041
11	0
12	3.49395604039
13	3.67520825278
14	3.72815577965
15	3.74710172375
16	0
17	0
18	0
19	3.68283894766
20	3.76417581427

Task set: Num Tasks 350 | Util 45

MW
HyMWGA
Generations: 100
The number of CPU's used is 12
1	3.7106064783
2	0
3	3.68826688953
4	0
5	0
6	3.84776959608
7	3.92546888302
8	3.86157665344
9	3.91149972398
10	3.65977611028
11	0
12	0
13	3.709196682
14	3.63215490501
15	3.63936747
16	0
17	0
18	0
19	3.70621049139
20	3.70810611697

BaB
The number of CPU's used is 12
1	0
2	0
3	3.74452188299
4	0
5	0
6	0
7	3.91677502005
8	3.98169741539
9	3.98626338572
10	3.71541820023
11	0
12	3.53954909713
13	3.68100714445
14	3.74511976342
15	3.76424852303
16	0
17	0
18	3.54367591622
19	3.69381497808
20	3.68790867328

Task set: Num Tasks 450 | Util 45

MW
HyMWGA
Generations: 100
The number of CPU's used is 12
1	3.65095564637
2	0
3	3.65315330988
4	0
5	0
6	3.92813229237
7	3.88140619694
8	3.86403501833
9	3.96501567956
10	3.6247564068
11	0
12	0
13	3.71225448234
14	3.66850780462
15	3.70900454219
16	0
17	0
18	0
19	3.64901057424
20	3.69376804636

BaB
The number of CPU's used is 12
1	0
2	0
3	3.72847638427
4	0
5	0
6	3.89298836093
7	3.86621850554
8	3.9005859069
9	3.89029029509
10	3.72434825572
11	0
12	3.53869669678
13	3.66035281368
14	3.68618400514
15	3.72909992694
16	0
17	0
18	0
19	3.67010913542
20	3.71264971358

