Start schedulers

Task set: Num Tasks 250 | Util 25

MW
HyMWGA
Generations: 100
The number of CPU's used is 7
1	3.47907095591
2	0
3	3.42852947925
4	0
5	0
6	3.71657559465
7	3.63218270872
8	3.69108647986
9	3.64027591174
10	3.41227886987
11	0
12	0
13	0
14	0
15	0
16	0
17	0
18	0
19	0
20	0

BaB
The number of CPU's used is 7
1	0
2	0
3	0
4	0
5	0
6	0
7	0
8	0
9	0
10	0
11	0
12	3.50018273632
13	3.73294393696
14	3.663459978
15	0
16	0
17	3.30425529384
18	3.45959391355
19	3.66684262585
20	3.67272151549

Task set: Num Tasks 350 | Util 25

MW
HyMWGA
Generations: 100
The number of CPU's used is 7
1	3.44827975566
2	0
3	3.46051009981
4	0
5	0
6	3.61923592989
7	3.63576548569
8	3.656731661
9	3.71693170099
10	3.46254536695
11	0
12	0
13	0
14	0
15	0
16	0
17	0
18	0
19	0
20	0

BaB
The number of CPU's used is 7
1	0
2	0
3	0
4	0
5	0
6	0
7	0
8	0
9	0
10	0
11	0
12	3.44506383771
13	3.74834560023
14	3.65091537619
15	0
16	0
17	3.25784917183
18	3.46651709935
19	3.71535177744
20	3.71595713725

Task set: Num Tasks 450 | Util 25

MW
HyMWGA
Generations: 100
The number of CPU's used is 7
1	3.43662358172
2	0
3	3.44605086273
4	0
5	0
6	3.65193216156
7	3.6748476928
8	3.63578764013
9	3.69455456132
10	3.46020349973
11	0
12	0
13	0
14	0
15	0
16	0
17	0
18	0
19	0
20	0

BaB
The number of CPU's used is 7
1	0
2	0
3	0
4	0
5	0
6	0
7	0
8	0
9	0
10	0
11	3.25442992487
12	3.5239546561
13	3.73840094551
14	3.72254762365
15	0
16	0
17	3.27114318419
18	0
19	3.75802794629
20	3.73149571939

Task set: Num Tasks 250 | Util 35

MW
HyMWGA
Generations: 209
The number of CPU's used is 10
1	3.36550831834
2	0
3	3.31727404969
4	0
5	0
6	3.87535400884
7	3.69664589926
8	3.69169206771
9	3.67230378819
10	3.48322731807
11	0
12	0
13	3.20446798753
14	3.27124246701
15	3.42228409536
16	0
17	0
18	0
19	0
20	0

BaB
The number of CPU's used is 10
1	0
2	0
3	0
4	0
5	0
6	0
7	0
8	0
9	0
10	3.63348855701
11	3.32992697301
12	3.53614448778
13	3.65312259896
14	3.77642943598
15	0
16	2.9625409649
17	3.26447499953
18	3.41151437229
19	3.75215303025
20	3.68020458029

Task set: Num Tasks 350 | Util 35

MW
HyMWGA
Generations: 100
The number of CPU's used is 10
1	3.44172575525
2	0
3	3.43515664832
4	0
5	0
6	3.68352694361
7	3.61358812592
8	3.57405228846
9	3.61892611462
10	3.40918803538
11	0
12	0
13	3.41655406663
14	3.44322438543
15	3.36405763636
16	0
17	0
18	0
19	0
20	0

BaB
The number of CPU's used is 10
1	0
2	0
3	0
4	0
5	3.03608395412
6	0
7	0
8	0
9	0
10	3.70684252514
11	0
12	3.50537819512
13	3.67519048452
14	3.77177505355
15	0
16	3.08856082429
17	3.30210380359
18	3.44080136056
19	3.75373397076
20	3.71952982835

Task set: Num Tasks 450 | Util 35

MW
HyMWGA
Generations: 100
The number of CPU's used is 10
1	3.4274206382
2	0
3	3.39813291034
4	0
5	0
6	3.5912036254
7	3.59174929701
8	3.70174957311
9	3.65941961315
10	3.45568206236
11	0
12	0
13	3.38525849628
14	3.42097147202
15	3.36841231213
16	0
17	0
18	0
19	0
20	0

BaB
The number of CPU's used is 10
1	0
2	0
3	0
4	0
5	0
6	0
7	0
8	0
9	0
10	3.65727832565
11	3.24278147218
12	3.49433287513
13	3.67407778892
14	3.72640944034
15	0
16	2.99134914808
17	3.30043598431
18	3.54579447743
19	3.65782538811
20	3.70971509986

Task set: Num Tasks 250 | Util 45

MW
HyMWGA
Generations: 100
The number of CPU's used is 13
1	3.39055525294
2	3.19611278981
3	3.50973289442
4	0
5	0
6	3.53305044078
7	3.58361935392
8	3.78197836032
9	3.64622366687
10	3.3945588118
11	0
12	0
13	3.3523812621
14	3.35386889546
15	3.31933251029
16	0
17	0
18	0
19	3.54190885079
20	3.3966769105

BaB
The number of CPU's used is 13
1	0
2	0
3	3.56049909442
4	3.49045782531
5	0
6	0
7	0
8	3.73700896985
9	0
10	3.62186738431
11	3.08188614428
12	3.37785621945
13	3.60426597096
14	3.56035164153
15	0
16	3.08004709658
17	3.15019917185
18	3.54457404452
19	3.62704094977
20	3.56394548716

Task set: Num Tasks 350 | Util 45

MW
HyMWGA
Generations: 100
The number of CPU's used is 12
1	3.68406628244
2	0
3	3.68471828485
4	0
5	0
6	3.87475657856
7	3.99205927694
8	3.85070056923
9	3.9830683051
10	3.61852065376
11	0
12	0
13	3.6310503231
14	3.68676939691
15	3.72969834024
16	0
17	0
18	0
19	3.6430687297
20	3.62152325915

BaB
The number of CPU's used is 13
1	0
2	0
3	0
4	3.42691385929
5	2.96517996481
6	0
7	0
8	3.89242534282
9	0
10	3.71294023097
11	3.17609877249
12	3.39259710114
13	3.68156271192
14	3.64787196155
15	0
16	2.96133771853
17	3.23214592227
18	3.55039978066
19	3.74363996002
20	3.61688667352

Task set: Num Tasks 450 | Util 45

MW
HyMWGA
Generations: 100
The number of CPU's used is 12
1	3.680385442
2	0
3	3.65163791736
4	0
5	0
6	3.94315183715
7	3.87919958292
8	3.92315261985
9	3.95326692922
10	3.6224885487
11	0
12	0
13	3.61998733349
14	3.72125430678
15	3.64010232647
16	0
17	0
18	0
19	3.69935591774
20	3.66601723832

BaB
The number of CPU's used is 12
1	3.6758316725
2	0
3	3.7579030502
4	0
5	0
6	0
7	3.90072134132
8	3.9401364933
9	3.98858291073
10	3.7366069571
11	0
12	3.43597558694
13	3.70326200436
14	3.77098438436
15	3.65714097676
16	0
17	0
18	0
19	3.73802213205
20	3.69483249038

