Start schedulers

Task set: Num Tasks 250 | Util 25

MW
HyMWGA
Generations: 100
The number of CPU's used is 7
1	3.4372335186
2	0
3	3.49128396509
4	0
5	0
6	3.64336371336
7	3.71571548581
8	3.62478852894
9	3.65933228972
10	3.4282824985
11	0
12	0
13	0
14	0
15	0
16	0
17	0
18	0
19	0
20	0

BaB
The number of CPU's used is 7
1	0
2	0
3	0
4	0
5	0
6	0
7	0
8	0
9	0
10	0
11	0
12	3.43414746397
13	3.67490575622
14	3.68015997095
15	0
16	0
17	3.2459969619
18	3.47168427676
19	3.74458099043
20	3.74852457977

Task set: Num Tasks 350 | Util 25

MW
HyMWGA
Generations: 100
The number of CPU's used is 7
1	3.45098629318
2	0
3	3.41726979279
4	0
5	0
6	3.6776974877
7	3.71554577637
8	3.6546502708
9	3.65998284765
10	3.42386753149
11	0
12	0
13	0
14	0
15	0
16	0
17	0
18	0
19	0
20	0

BaB
The number of CPU's used is 7
1	0
2	0
3	0
4	0
5	0
6	0
7	0
8	0
9	0
10	0
11	0
12	3.48254814357
13	3.67768265939
14	3.67121003676
15	0
16	0
17	3.26428892152
18	3.52551555132
19	3.691928194
20	3.68682649344

Task set: Num Tasks 450 | Util 25

MW
HyMWGA
Generations: 100
The number of CPU's used is 7
1	3.4568702027
2	0
3	3.42840609318
4	0
5	0
6	3.68319624688
7	3.63995395864
8	3.69961606368
9	3.6819226511
10	3.41003478381
11	0
12	0
13	0
14	0
15	0
16	0
17	0
18	0
19	0
20	0

BaB
The number of CPU's used is 7
1	0
2	0
3	0
4	0
5	0
6	0
7	0
8	0
9	0
10	0
11	3.31852729351
12	3.49181550898
13	3.74627898221
14	3.742324144
15	0
16	0
17	3.25164577978
18	0
19	3.70397631316
20	3.74543197835

Task set: Num Tasks 250 | Util 35

MW
HyMWGA
Generations: 100
The number of CPU's used is 10
1	3.35528115518
2	0
3	3.46646525488
4	0
5	0
6	3.622318037
7	3.62481721225
8	3.66225504251
9	3.6351798028
10	3.4570606844
11	0
12	0
13	3.44937066216
14	3.37514624505
15	3.35210590378
16	0
17	0
18	0
19	0
20	0

BaB
The number of CPU's used is 10
1	0
2	0
3	0
4	0
5	0
6	0
7	0
8	0
9	0
10	3.73923966235
11	3.25781521466
12	3.47053043799
13	3.66394736681
14	3.63925978567
15	0
16	3.0808817904
17	3.28511828018
18	3.41972121412
19	3.68867282895
20	3.75481341887

Task set: Num Tasks 350 | Util 35

MW
HyMWGA
Generations: 127
The number of CPU's used is 10
1	3.63018699486
2	0
3	3.24911954592
4	0
5	0
6	3.64345568505
7	3.59921526102
8	3.64341530067
9	3.6109505182
10	3.43636414898
11	0
12	0
13	3.38175172913
14	3.38592604259
15	3.41961477359
16	0
17	0
18	0
19	0
20	0

BaB
The number of CPU's used is 10
1	0
2	0
3	0
4	0
5	0
6	0
7	0
8	3.86603666262
9	0
10	0
11	3.20835603875
12	3.46502314858
13	3.65584307673
14	3.70496598843
15	0
16	2.98456363902
17	3.2426393236
18	3.46430583794
19	3.64795275883
20	3.76031352551

Task set: Num Tasks 450 | Util 35

MW
HyMWGA
Generations: 159
The number of CPU's used is 10
1	3.50674061481
2	0
3	3.49126731445
4	0
5	0
6	3.67534202963
7	3.60621065863
8	3.70862527837
9	3.50654834327
10	3.29345141908
11	0
12	0
13	3.45814816377
14	3.4126218947
15	3.34104428329
16	0
17	0
18	0
19	0
20	0

BaB
The number of CPU's used is 10
1	0
2	0
3	0
4	0
5	3.02881543603
6	0
7	0
8	0
9	0
10	3.76450961554
11	0
12	3.47173633506
13	3.74027090625
14	3.72359185457
15	0
16	3.05963407219
17	3.24273274821
18	3.47963097583
19	3.76944146826
20	3.71963658806

Task set: Num Tasks 250 | Util 45

MW
HyMWGA
Generations: 100
The number of CPU's used is 13
1	3.39060733743
2	3.12526204858
3	3.36739188496
4	0
5	0
6	3.66714947011
7	3.5742736501
8	3.68060478806
9	3.54764863887
10	3.50713176987
11	0
12	0
13	3.39129994564
14	3.42847766507
15	3.52853679322
16	0
17	0
18	0
19	3.32878868135
20	3.46282732672

BaB
The number of CPU's used is 13
1	0
2	0
3	3.5917514812
4	0
5	3.03503474488
6	0
7	0
8	3.78685516751
9	0
10	3.63212221644
11	3.30292457863
12	3.47672182353
13	3.66800955097
14	3.68408610039
15	0
16	2.93550426423
17	3.12231617064
18	3.40884495118
19	3.58558915348
20	3.77023979692

Task set: Num Tasks 350 | Util 45

MW
HyMWGA
Generations: 100
The number of CPU's used is 12
1	3.64649563688
2	0
3	3.60574873808
4	0
5	0
6	3.87067289443
7	3.88317652056
8	3.92535780441
9	3.98081665379
10	3.60053304897
11	0
12	0
13	3.69899027355
14	3.72731123907
15	3.61439200036
16	0
17	0
18	0
19	3.76267442498
20	3.68383076494

BaB
The number of CPU's used is 12
1	3.64649563688
2	0
3	3.60574873808
4	0
5	0
6	3.87067289443
7	3.88317652056
8	3.92535780441
9	3.98081665379
10	3.60053304897
11	0
12	0
13	3.69899027355
14	3.72731123907
15	3.61439200036
16	0
17	0
18	0
19	3.76267442498
20	3.68383076494

Task set: Num Tasks 450 | Util 45

MW
HyMWGA
Generations: 100
The number of CPU's used is 12
1	3.61941115164
2	0
3	3.75995373981
4	0
5	0
6	3.85250962186
7	3.92635021954
8	3.91623853177
9	3.93509185305
10	3.64211000676
11	0
12	0
13	3.61829263498
14	3.71682979127
15	3.67781194571
16	0
17	0
18	0
19	3.64790330437
20	3.68749719924

BaB
The number of CPU's used is 12
1	3.61941115164
2	0
3	3.75995373981
4	0
5	0
6	3.85250962186
7	3.92635021954
8	3.91623853177
9	3.93509185305
10	3.64211000676
11	0
12	0
13	3.61829263498
14	3.71682979127
15	3.67781194571
16	0
17	0
18	0
19	3.64790330437
20	3.68749719924

