Start schedulers

Task set: Num Tasks 250 | Util 25

MW
HyMWGA
Generations: 100
The number of CPU's used is 7
1	3.44754883937
2	0
3	3.41551596751
4	0
5	0
6	3.65260677519
7	3.65699204699
8	3.6015404781
9	3.74538804214
10	3.48040785071
11	0
12	0
13	0
14	0
15	0
16	0
17	0
18	0
19	0
20	0

BaB
The number of CPU's used is 7
1	0
2	0
3	0
4	0
5	0
6	0
7	0
8	0
9	0
10	0
11	0
12	3.51140618785
13	3.70429259371
14	3.7773920201
15	0
16	0
17	3.1874826905
18	3.46132186241
19	3.66942986223
20	3.68867478321

Task set: Num Tasks 350 | Util 25

MW
HyMWGA
Generations: 100
The number of CPU's used is 7
1	3.44085352022
2	0
3	3.46529166562
4	0
5	0
6	3.65990459586
7	3.65155149011
8	3.65022336524
9	3.65759008133
10	3.47458528164
11	0
12	0
13	0
14	0
15	0
16	0
17	0
18	0
19	0
20	0

BaB
The number of CPU's used is 7
1	0
2	0
3	0
4	0
5	0
6	0
7	0
8	0
9	0
10	0
11	3.27024532213
12	3.49921609936
13	3.72268370549
14	3.72623614982
15	0
16	0
17	3.2698092956
18	0
19	3.75075312646
20	3.76105630113

Task set: Num Tasks 450 | Util 25

MW
HyMWGA
Generations: 100
The number of CPU's used is 7
1	3.42040691968
2	0
3	3.46994757955
4	0
5	0
6	3.6718145488
7	3.65661565571
8	3.6675671852
9	3.67555216305
10	3.43809594801
11	0
12	0
13	0
14	0
15	0
16	0
17	0
18	0
19	0
20	0

BaB
The number of CPU's used is 7
1	0
2	0
3	0
4	0
5	0
6	0
7	0
8	0
9	0
10	0
11	3.27556051745
12	3.53331400027
13	3.73132559443
14	3.7063955241
15	0
16	0
17	3.27945380783
18	0
19	3.73876367517
20	3.73518688075

Task set: Num Tasks 250 | Util 35

MW
HyMWGA
Generations: 100
The number of CPU's used is 10
1	3.34671634194
2	0
3	3.45274253966
4	0
5	0
6	3.63997199688
7	3.69981806309
8	3.63048233027
9	3.58258139949
10	3.39944753401
11	0
12	0
13	3.54299328723
14	3.33208884667
15	3.37315766076
16	0
17	0
18	0
19	0
20	0

BaB
The number of CPU's used is 10
1	0
2	0
3	0
4	0
5	0
6	0
7	0
8	0
9	0
10	3.76503901508
11	3.29653304631
12	3.48413327309
13	3.72385303856
14	3.69578254392
15	0
16	2.99305974853
17	3.19303966705
18	3.5361957059
19	3.69031877176
20	3.62204518978

Task set: Num Tasks 350 | Util 35

MW
HyMWGA
Generations: 100
The number of CPU's used is 10
1	3.40398187301
2	0
3	3.43874234452
4	0
5	0
6	3.58766625354
7	3.63229853509
8	3.66467788044
9	3.60675570848
10	3.36216705301
11	0
12	0
13	3.46481261873
14	3.39651301813
15	3.44238471504
16	0
17	0
18	0
19	0
20	0

BaB
The number of CPU's used is 10
1	0
2	0
3	0
4	0
5	3.00933888031
6	0
7	0
8	0
9	0
10	3.74943143649
11	0
12	3.44680213575
13	3.75922552219
14	3.69459229639
15	0
16	3.04875141544
17	3.26293568666
18	3.55423719282
19	3.75417140316
20	3.72051403079

Task set: Num Tasks 450 | Util 35

MW
HyMWGA
Generations: 196
The number of CPU's used is 10
1	3.40369340954
2	0
3	3.38621534582
4	0
5	0
6	3.67067815715
7	3.5469919175
8	3.62627333048
9	3.65459332715
10	3.41828259311
11	0
12	0
13	3.39823581534
14	3.51241305089
15	3.38262305303
16	0
17	0
18	0
19	0
20	0

BaB
The number of CPU's used is 10
1	0
2	0
3	0
4	0
5	3.0676114694
6	0
7	0
8	0
9	0
10	3.72868288939
11	0
12	3.48493172738
13	3.69396088709
14	3.71471139384
15	0
16	3.04784357916
17	3.31584410002
18	3.50582355175
19	3.69749293354
20	3.74309746843

Task set: Num Tasks 250 | Util 45

MW
HyMWGA
Generations: 100
The number of CPU's used is 13
1	3.44348419497
2	3.10524136316
3	3.46983610636
4	0
5	0
6	3.6371166996
7	3.54038638166
8	3.63065652182
9	3.68162486221
10	3.39096908062
11	0
12	0
13	3.55526116639
14	3.45146271335
15	3.32666948342
16	0
17	0
18	0
19	3.38414315434
20	3.38314827209

BaB
The number of CPU's used is 13
1	0
2	0
3	3.60336677335
4	0
5	0
6	0
7	0
8	3.88236734476
9	0
10	3.57932473822
11	3.06978593735
12	3.3728501252
13	3.64747872553
14	3.57302420319
15	3.63379618443
16	2.97298761939
17	3.29830541311
18	3.34708116218
19	3.51391033211
20	3.50572144118

Task set: Num Tasks 350 | Util 45

MW
HyMWGA
Generations: 100
The number of CPU's used is 12
1	3.68307770368
2	0
3	3.62703120048
4	0
5	0
6	3.99383140006
7	3.93967106438
8	3.94080616194
9	3.82621052974
10	3.61907462366
11	0
12	0
13	3.71851729604
14	3.68825344844
15	3.63711477281
16	0
17	0
18	0
19	3.68682429858
20	3.63958750019

BaB
The number of CPU's used is 13
1	0
2	0
3	0
4	3.542539329
5	2.96522448172
6	0
7	0
8	3.94241489424
9	0
10	3.71980006226
11	3.216986573
12	3.39780509637
13	3.64582246553
14	3.59419618727
15	0
16	2.95368274149
17	3.16461259496
18	3.46881657445
19	3.68972887375
20	3.69837012595

Task set: Num Tasks 450 | Util 45

MW
HyMWGA
Generations: 100
The number of CPU's used is 12
1	3.638566203
2	0
3	3.64563351199
4	0
5	0
6	3.90974495384
7	3.89547249738
8	3.88548939646
9	3.92597866064
10	3.66761775495
11	0
12	0
13	3.76859313663
14	3.67044332563
15	3.62709265008
16	0
17	0
18	0
19	3.74062229896
20	3.62474561043

BaB
The number of CPU's used is 12
1	3.638566203
2	0
3	3.64563351199
4	0
5	0
6	3.90974495384
7	3.89547249738
8	3.88548939646
9	3.92597866064
10	3.66761775495
11	0
12	0
13	3.76859313663
14	3.67044332563
15	3.62709265008
16	0
17	0
18	0
19	3.74062229896
20	3.62474561043

