Start schedulers

Task set: Num Tasks 250 | Util 25

MW
HyMWGA
Generations: 264
The number of CPU's used is 7
1	3.62107412402
2	0
3	3.5022707381
4	0
5	0
6	3.61023330331
7	3.53752304
8	3.54733922081
9	3.68140375456
10	3.50015581921
11	0
12	0
13	0
14	0
15	0
16	0
17	0
18	0
19	0
20	0

BaB
The number of CPU's used is 7
1	0
2	0
3	0
4	0
5	0
6	0
7	0
8	0
9	0
10	0
11	0
12	3.4742027267
13	3.62893511323
14	3.7496232742
15	0
16	0
17	3.19670669064
18	3.44027427082
19	3.75415270986
20	3.75610521456

Task set: Num Tasks 350 | Util 25

MW
HyMWGA
Generations: 100
The number of CPU's used is 7
1	3.44687998298
2	0
3	3.4424286437
4	0
5	0
6	3.66942358503
7	3.67846950853
8	3.63247223508
9	3.67566422683
10	3.45466181784
11	0
12	0
13	0
14	0
15	0
16	0
17	0
18	0
19	0
20	0

BaB
The number of CPU's used is 7
1	0
2	0
3	0
4	0
5	0
6	0
7	0
8	0
9	0
10	0
11	3.32028563877
12	3.55144165136
13	0
14	3.75978463101
15	0
16	0
17	3.31941409458
18	3.5062340795
19	3.77179025881
20	3.77104964598

Task set: Num Tasks 450 | Util 25

MW
HyMWGA
Generations: 100
The number of CPU's used is 7
1	3.49396592945
2	0
3	3.46075270095
4	0
5	0
6	3.65874011223
7	3.66533603153
8	3.68160079041
9	3.62350164618
10	3.41610278925
11	0
12	0
13	0
14	0
15	0
16	0
17	0
18	0
19	0
20	0

BaB
The number of CPU's used is 7
1	0
2	0
3	0
4	0
5	0
6	0
7	0
8	0
9	0
10	0
11	0
12	3.47455323382
13	3.67032748761
14	3.65546846987
15	0
16	0
17	3.30325942553
18	3.46828630797
19	3.71486199164
20	3.71324308355

Task set: Num Tasks 250 | Util 35

MW
HyMWGA
Generations: 100
The number of CPU's used is 10
1	3.32781136788
2	0
3	3.4493616858
4	0
5	0
6	3.60921830436
7	3.6193401982
8	3.67096274283
9	3.61948836261
10	3.36965489012
11	0
12	0
13	3.43914257919
14	3.49103058469
15	3.40398928432
16	0
17	0
18	0
19	0
20	0

BaB
The number of CPU's used is 10
1	0
2	0
3	0
4	0
5	0
6	0
7	0
8	3.93757130578
9	0
10	0
11	3.2263071191
12	3.49286115109
13	3.654141691
14	3.66444521165
15	0
16	2.99358371894
17	3.26165254688
18	3.41535265835
19	3.75872949585
20	3.59535510136

Task set: Num Tasks 350 | Util 35

MW
HyMWGA
Generations: 100
The number of CPU's used is 10
1	3.44028014972
2	0
3	3.4114491197
4	0
5	0
6	3.59794647971
7	3.66115376914
8	3.68207730536
9	3.66513034463
10	3.37254655779
11	0
12	0
13	3.37604314601
14	3.42861390518
15	3.36475922275
16	0
17	0
18	0
19	0
20	0

BaB
The number of CPU's used is 10
1	0
2	0
3	0
4	0
5	3.07299733086
6	0
7	0
8	0
9	0
10	3.68350473933
11	0
12	3.46513104371
13	3.72339696228
14	3.75143062913
15	0
16	3.1033665565
17	3.30516968284
18	3.4652976365
19	3.75333676813
20	3.67636865072

Task set: Num Tasks 450 | Util 35

MW
HyMWGA
Generations: 100
The number of CPU's used is 10
1	3.40709582699
2	0
3	3.39776244678
4	0
5	0
6	3.65752330122
7	3.59861904447
8	3.59447126639
9	3.67126623697
10	3.43377025728
11	0
12	0
13	3.42567654003
14	3.43350939315
15	3.38030568671
16	0
17	0
18	0
19	0
20	0

BaB
The number of CPU's used is 10
1	0
2	0
3	0
4	0
5	3.0785395585
6	0
7	0
8	0
9	0
10	3.74465008762
11	0
12	3.52448448661
13	3.71739698917
14	3.68396200216
15	0
16	3.02428072173
17	3.31528115032
18	3.48673267648
19	3.68744386352
20	3.7372284639

Task set: Num Tasks 250 | Util 45

MW
HyMWGA
Generations: 137
The number of CPU's used is 13
1	3.38933158781
2	3.09938422515
3	3.46990434233
4	0
5	0
6	3.56864168673
7	3.74010964585
8	3.5843200431
9	3.65907470586
10	3.54048698005
11	0
12	0
13	3.36509565839
14	3.39728107746
15	3.43355435129
16	0
17	0
18	0
19	3.43654411618
20	3.31627157982

BaB
The number of CPU's used is 13
1	0
2	0
3	3.56607346135
4	3.37727743192
5	0
6	0
7	0
8	3.89776445099
9	0
10	3.76451818322
11	3.19528588322
12	3.29902262632
13	3.56855581173
14	3.55096802503
15	0
16	2.97379907522
17	3.14965383218
18	3.42237260472
19	3.52873635398
20	3.70597226012

Task set: Num Tasks 350 | Util 45

MW
HyMWGA
Generations: 100
The number of CPU's used is 12
1	3.66877004256
2	0
3	3.65129538163
4	0
5	0
6	3.96552960174
7	3.93863934862
8	3.82665834918
9	3.89700664187
10	3.67929900142
11	0
12	0
13	3.59081966606
14	3.70960302079
15	3.73447715764
16	0
17	0
18	0
19	3.74816082687
20	3.58974096162

BaB
The number of CPU's used is 12
1	3.66877004256
2	0
3	3.65129538163
4	0
5	0
6	3.96552960174
7	3.93863934862
8	3.82665834918
9	3.89700664187
10	3.67929900142
11	0
12	0
13	3.59081966606
14	3.70960302079
15	3.73447715764
16	0
17	0
18	0
19	3.74816082687
20	3.58974096162

Task set: Num Tasks 450 | Util 45

MW
HyMWGA
Generations: 100
The number of CPU's used is 12
1	3.73160119384
2	0
3	3.73320918887
4	0
5	0
6	3.86998325839
7	3.95849899764
8	3.86445282013
9	3.87440574911
10	3.69400994699
11	0
12	0
13	3.67560084379
14	3.63199956383
15	3.6822996155
16	0
17	0
18	0
19	3.65779205897
20	3.62614676295

BaB
The number of CPU's used is 12
1	3.71937133692
2	0
3	3.71156360012
4	0
5	0
6	0
7	3.91087954866
8	3.90818876822
9	3.95367260095
10	3.76948029833
11	0
12	3.47344403968
13	3.66958286096
14	3.67849236649
15	3.66402142324
16	0
17	0
18	0
19	3.76805392951
20	3.77324922691

