Start schedulers

Task set: Num Tasks 250 | Util 25

MW
HyMWGA
Generations: 100
The number of CPU's used is 7
1	3.4415659613
2	0
3	3.46102268318
4	0
5	0
6	3.68436525285
7	3.64955683652
8	3.68759908722
9	3.61769734291
10	3.45819283601
11	0
12	0
13	0
14	0
15	0
16	0
17	0
18	0
19	0
20	0

BaB
The number of CPU's used is 7
1	0
2	0
3	0
4	0
5	0
6	0
7	0
8	0
9	0
10	0
11	3.29807487755
12	3.52528508374
13	3.74948065495
14	3.74873707198
15	0
16	0
17	3.26985513843
18	0
19	3.7290384296
20	3.67952874374

Task set: Num Tasks 350 | Util 25

MW
HyMWGA
Generations: 100
The number of CPU's used is 7
1	3.44902646136
2	0
3	3.3565068531
4	0
5	0
6	3.68553170102
7	3.64290858547
8	3.686492028
9	3.73039377708
10	3.44914059398
11	0
12	0
13	0
14	0
15	0
16	0
17	0
18	0
19	0
20	0

BaB
The number of CPU's used is 7
1	0
2	0
3	0
4	0
5	0
6	0
7	0
8	0
9	0
10	0
11	3.26561226436
12	3.52759261295
13	3.73460072786
14	3.77364132586
15	0
16	0
17	3.23128381146
18	0
19	3.76042135015
20	3.70684790736

Task set: Num Tasks 450 | Util 25

MW
HyMWGA
Generations: 100
The number of CPU's used is 7
1	3.47676353765
2	0
3	3.46879898229
4	0
5	0
6	3.65549128342
7	3.64498136412
8	3.67614934184
9	3.65082911881
10	3.42698637188
11	0
12	0
13	0
14	0
15	0
16	0
17	0
18	0
19	0
20	0

BaB
The number of CPU's used is 7
1	0
2	0
3	0
4	0
5	0
6	0
7	0
8	0
9	0
10	0
11	3.26830635936
12	3.53987291801
13	3.70825519302
14	3.75469734137
15	0
16	0
17	3.27425814763
18	0
19	3.74004089325
20	3.71456914736

Task set: Num Tasks 250 | Util 35

MW
HyMWGA
Generations: 100
The number of CPU's used is 10
1	3.39377998344
2	0
3	3.36601581502
4	0
5	0
6	3.6706569225
7	3.76444222655
8	3.59026086
9	3.64030618832
10	3.35587416333
11	0
12	0
13	3.41608715512
14	3.39569141828
15	3.40688526743
16	0
17	0
18	0
19	0
20	0

BaB
The number of CPU's used is 10
1	0
2	0
3	0
4	0
5	0
6	0
7	0
8	3.85084750801
9	0
10	3.58039174361
11	0
12	3.36274247901
13	3.63789749029
14	3.67050646777
15	0
16	2.97429883856
17	3.17039845036
18	3.39365728525
19	3.76589660998
20	3.59336312716

Task set: Num Tasks 350 | Util 35

MW
HyMWGA
Generations: 100
The number of CPU's used is 10
1	3.42116295041
2	0
3	3.40336964221
4	0
5	0
6	3.64507133518
7	3.61285999674
8	3.61660409269
9	3.63196642267
10	3.50150936781
11	0
12	0
13	3.39653931123
14	3.38189419989
15	3.38902268118
16	0
17	0
18	0
19	0
20	0

BaB
The number of CPU's used is 10
1	0
2	0
3	0
4	0
5	0
6	0
7	0
8	3.89904608156
9	0
10	0
11	3.20354577167
12	3.44804196655
13	3.68624899772
14	3.65703768024
15	0
16	3.10084350304
17	3.24511154809
18	3.43543710453
19	3.66333503774
20	3.66135230887

Task set: Num Tasks 450 | Util 35

MW
HyMWGA
Generations: 100
The number of CPU's used is 10
1	3.40889593252
2	0
3	3.5105552665
4	0
5	0
6	3.60308627432
7	3.60560638054
8	3.61116091663
9	3.64658168873
10	3.37040170567
11	0
12	0
13	3.43621085076
14	3.40461809543
15	3.4028828889
16	0
17	0
18	0
19	0
20	0

BaB
The number of CPU's used is 10
1	0
2	0
3	0
4	0
5	0
6	0
7	0
8	3.89757638191
9	0
10	0
11	3.2111339166
12	3.44930032573
13	3.69108945435
14	3.65011358174
15	0
16	3.00291440086
17	3.19260375937
18	3.42505914864
19	3.70295072317
20	3.77725830764

Task set: Num Tasks 250 | Util 45

MW
HyMWGA
Generations: 100
The number of CPU's used is 12
1	3.67515950252
2	0
3	3.67931895275
4	0
5	0
6	3.92846958807
7	3.88629873766
8	3.95905029285
9	3.8540076809
10	3.66927893875
11	0
12	0
13	3.74498300811
14	3.57550082363
15	3.67824280339
16	0
17	0
18	0
19	3.5887609678
20	3.76092870357

BaB
The number of CPU's used is 12
1	3.67515950252
2	0
3	3.67931895275
4	0
5	0
6	3.92846958807
7	3.88629873766
8	3.95905029285
9	3.8540076809
10	3.66927893875
11	0
12	0
13	3.74498300811
14	3.57550082363
15	3.67824280339
16	0
17	0
18	0
19	3.5887609678
20	3.76092870357

Task set: Num Tasks 350 | Util 45

MW
HyMWGA
Generations: 100
The number of CPU's used is 13
1	3.46147406085
2	3.2813728422
3	3.51556772383
4	0
5	0
6	3.63941056991
7	3.5992081102
8	3.57067628959
9	3.60204929378
10	3.38741128727
11	0
12	0
13	3.50613026765
14	3.50650588959
15	3.34665562797
16	0
17	0
18	0
19	3.1815753724
20	3.40196266476

BaB
The number of CPU's used is 13
1	0
2	0
3	0
4	3.38298967648
5	2.94740063108
6	0
7	0
8	3.80785294228
9	0
10	3.60343413217
11	3.19936662773
12	3.45181517047
13	3.63543575989
14	3.76029538255
15	0
16	2.9921061202
17	3.3185093892
18	3.41203803757
19	3.77176976859
20	3.71698636181

Task set: Num Tasks 450 | Util 45

MW
HyMWGA
Generations: 100
The number of CPU's used is 12
1	3.65324972096
2	0
3	3.68960517518
4	0
5	0
6	3.8686230563
7	3.89300116303
8	3.8468341955
9	3.92484718116
10	3.72164712603
11	0
12	0
13	3.63725537289
14	3.7258461474
15	3.67727377248
16	0
17	0
18	0
19	3.7374801348
20	3.62433695427

BaB
The number of CPU's used is 12
1	3.69073753355
2	0
3	3.70747360222
4	0
5	0
6	0
7	3.98135772548
8	3.94861483659
9	3.89594327983
10	3.76336688922
11	0
12	3.49180562411
13	3.73978586528
14	3.68327192872
15	3.66171668857
16	0
17	0
18	0
19	3.77454698735
20	3.66137903908

