Start schedulers

Task set: Num Tasks 250 | Util 25

MW
HyMWGA
Generations: 100
The number of CPU's used is 7
1	3.48601008761
2	0
3	3.41024535248
4	0
5	0
6	3.60382004189
7	3.69314611375
8	3.71055386327
9	3.6528403029
10	3.44338423809
11	0
12	0
13	0
14	0
15	0
16	0
17	0
18	0
19	0
20	0

BaB
The number of CPU's used is 7
1	0
2	0
3	0
4	0
5	0
6	0
7	0
8	0
9	0
10	0
11	3.25227100385
12	3.55023363958
13	3.75611203812
14	3.66758126246
15	0
16	0
17	3.28454457305
18	0
19	3.71510266757
20	3.77415481538

Task set: Num Tasks 350 | Util 25

MW
HyMWGA
Generations: 100
The number of CPU's used is 7
1	3.39346366384
2	0
3	3.43207025334
4	0
5	0
6	3.64717731519
7	3.70816628515
8	3.5904547953
9	3.75425545952
10	3.47441222767
11	0
12	0
13	0
14	0
15	0
16	0
17	0
18	0
19	0
20	0

BaB
The number of CPU's used is 7
1	0
2	0
3	0
4	0
5	0
6	0
7	0
8	0
9	0
10	0
11	3.29367391306
12	3.49499059854
13	3.75979763727
14	3.77132402174
15	0
16	0
17	3.29065158281
18	0
19	3.67951708881
20	3.71004515776

Task set: Num Tasks 450 | Util 25

MW
HyMWGA
Generations: 100
The number of CPU's used is 7
1	3.44319393816
2	0
3	3.45627049533
4	0
5	0
6	3.67358160426
7	3.7043744004
8	3.62202988556
9	3.62674720582
10	3.47380247047
11	0
12	0
13	0
14	0
15	0
16	0
17	0
18	0
19	0
20	0

BaB
The number of CPU's used is 7
1	0
2	0
3	0
4	0
5	0
6	0
7	0
8	0
9	0
10	0
11	3.32383124998
12	3.51921881605
13	3.690302439
14	3.7368972863
15	0
16	0
17	3.28444705366
18	0
19	3.68549279012
20	3.75981036489

Task set: Num Tasks 250 | Util 35

MW
HyMWGA
Generations: 131
The number of CPU's used is 10
1	3.38254889351
2	0
3	3.41416646404
4	0
5	0
6	3.48127969697
7	3.7363957475
8	3.59397891205
9	3.67190444926
10	3.49977538511
11	0
12	0
13	3.37096342992
14	3.49900364513
15	3.3499833765
16	0
17	0
18	0
19	0
20	0

BaB
The number of CPU's used is 10
1	0
2	0
3	0
4	0
5	0
6	0
7	0
8	3.77010414796
9	0
10	3.71836438747
11	0
12	3.44849399765
13	3.57318178391
14	3.72590304037
15	0
16	3.07001243538
17	3.12563087034
18	3.37011627767
19	3.6053049432
20	3.59288811604

Task set: Num Tasks 350 | Util 35

MW
HyMWGA
Generations: 100
The number of CPU's used is 10
1	3.4059409509
2	0
3	3.4561994206
4	0
5	0
6	3.61502076594
7	3.61731407374
8	3.59989920115
9	3.66955734403
10	3.47207322357
11	0
12	0
13	3.36780814004
14	3.43357731452
15	3.36260956553
16	0
17	0
18	0
19	0
20	0

BaB
The number of CPU's used is 10
1	0
2	0
3	0
4	0
5	0
6	0
7	0
8	0
9	0
10	3.7236693384
11	3.29136710004
12	3.42948155126
13	3.68433134589
14	3.76020909716
15	0
16	2.99969137217
17	3.24954768791
18	3.45865349793
19	3.65689928501
20	3.74614972423

Task set: Num Tasks 450 | Util 35

MW
HyMWGA
Generations: 100
The number of CPU's used is 10
1	3.42984117785
2	0
3	3.41188272364
4	0
5	0
6	3.65999977998
7	3.63105275858
8	3.59956710816
9	3.67145425257
10	3.37425601642
11	0
12	0
13	3.41408758152
14	3.38446341913
15	3.42339518214
16	0
17	0
18	0
19	0
20	0

BaB
The number of CPU's used is 10
1	0
2	0
3	0
4	0
5	3.06789806638
6	0
7	0
8	0
9	0
10	3.68575416223
11	0
12	3.51895039371
13	3.68883476495
14	3.69512585013
15	0
16	3.05916304734
17	3.31583085692
18	3.50029324287
19	3.7198943838
20	3.74825523167

Task set: Num Tasks 250 | Util 45

MW
HyMWGA
Generations: 100
The number of CPU's used is 13
1	3.38613945566
2	3.37557262172
3	3.32967336412
4	0
5	0
6	3.68972646556
7	3.59547998439
8	3.58095075569
9	3.63107885754
10	3.51232446244
11	0
12	0
13	3.39736688759
14	3.38532767543
15	3.35927929478
16	0
17	0
18	0
19	3.3850522795
20	3.37202789559

BaB
The number of CPU's used is 13
1	0
2	0
3	3.56010257975
4	0
5	0
6	0
7	0
8	3.90426907349
9	3.77989251576
10	3.54537220277
11	3.31713619356
12	3.28139001551
13	3.54638041711
14	3.55894533829
15	0
16	2.86561486942
17	3.19152474703
18	3.33946007698
19	3.52798320118
20	3.58192876914

Task set: Num Tasks 350 | Util 45

MW
HyMWGA
Generations: 168
The number of CPU's used is 13
1	3.30164525906
2	3.24286468668
3	3.32966596728
4	0
5	0
6	3.65700277805
7	3.65974163657
8	3.73368795737
9	3.91770531907
10	3.29795618943
11	0
12	0
13	3.40112064697
14	3.36428188356
15	3.2950213203
16	0
17	0
18	0
19	3.40703863353
20	3.3922677221

BaB
The number of CPU's used is 13
1	0
2	0
3	0
4	3.43021770994
5	2.9824881042
6	0
7	0
8	3.86561055626
9	0
10	3.76868055276
11	3.19131007981
12	3.41096624791
13	3.6910178473
14	3.66237558893
15	0
16	2.98857837937
17	3.2606608696
18	3.4716983504
19	3.62030926497
20	3.65608644853

Task set: Num Tasks 450 | Util 45

MW
HyMWGA
Generations: 100
The number of CPU's used is 12
1	3.71317339604
2	0
3	3.6726679218
4	0
5	0
6	3.90717542039
7	3.86321841108
8	3.92811635128
9	3.86650484204
10	3.68065516619
11	0
12	0
13	3.62288042109
14	3.75127011299
15	3.66083237161
16	0
17	0
18	0
19	3.69310282763
20	3.64040275786

BaB
The number of CPU's used is 12
1	0
2	0
3	3.66316259163
4	0
5	0
6	3.93431440065
7	3.92186485144
8	3.8816592084
9	3.88115356602
10	3.70361660054
11	0
12	3.5108972933
13	3.68984688155
14	3.72446455472
15	3.76976590797
16	0
17	0
18	0
19	3.67880864144
20	3.64044550234

