Start schedulers

Task set: Num Tasks 250 | Util 25

MW
HyMWGA
Generations: 100
The number of CPU's used is 7
1	3.44257702333
2	0
3	3.43951160922
4	0
5	0
6	3.694426873
7	3.62224472325
8	3.64979264516
9	3.67059003122
10	3.48085709482
11	0
12	0
13	0
14	0
15	0
16	0
17	0
18	0
19	0
20	0

BaB
The number of CPU's used is 7
1	0
2	0
3	0
4	0
5	0
6	0
7	0
8	0
9	0
10	0
11	3.28398349538
12	3.50328421107
13	3.68514958455
14	3.73222128547
15	0
16	0
17	3.3231993224
18	0
19	3.713204712
20	3.75895738913

Task set: Num Tasks 350 | Util 25

MW
HyMWGA
Generations: 100
The number of CPU's used is 7
1	3.40011716879
2	0
3	3.39662610954
4	0
5	0
6	3.65694293851
7	3.66356153414
8	3.71997031094
9	3.72199241714
10	3.44078952095
11	0
12	0
13	0
14	0
15	0
16	0
17	0
18	0
19	0
20	0

BaB
The number of CPU's used is 7
1	0
2	0
3	0
4	0
5	0
6	0
7	0
8	0
9	0
10	0
11	0
12	3.46665004311
13	3.69501234802
14	3.75339705548
15	0
16	0
17	3.25060838136
18	3.52942633947
19	3.65417287899
20	3.65073295357

Task set: Num Tasks 450 | Util 25

MW
HyMWGA
Generations: 100
The number of CPU's used is 7
1	3.48510263805
2	0
3	3.4501822801
4	0
5	0
6	3.66431946226
7	3.66704006208
8	3.72535639251
9	3.66981486859
10	3.33818429642
11	0
12	0
13	0
14	0
15	0
16	0
17	0
18	0
19	0
20	0

BaB
The number of CPU's used is 7
1	0
2	0
3	0
4	0
5	0
6	0
7	0
8	0
9	0
10	0
11	3.28327852269
12	3.54841075932
13	3.73574024662
14	3.73055523289
15	0
16	0
17	3.28873303541
18	0
19	3.70428682143
20	3.70899538164

Task set: Num Tasks 250 | Util 35

MW
HyMWGA
Generations: 100
The number of CPU's used is 10
1	3.43851798588
2	0
3	3.5093555037
4	0
5	0
6	3.57928853596
7	3.56964237395
8	3.63509616842
9	3.57224795054
10	3.471639862
11	0
12	0
13	3.41489140993
14	3.45088832855
15	3.35843188107
16	0
17	0
18	0
19	0
20	0

BaB
The number of CPU's used is 10
1	0
2	0
3	0
4	0
5	0
6	0
7	0
8	3.99929006033
9	0
10	0
11	3.29354573264
12	3.3941004514
13	3.62484742478
14	3.68066054017
15	0
16	2.94759266177
17	3.26163748286
18	3.4577269236
19	3.62427063341
20	3.71632808905

Task set: Num Tasks 350 | Util 35

MW
HyMWGA
Generations: 100
The number of CPU's used is 10
1	3.46001058429
2	0
3	3.43709468628
4	0
5	0
6	3.65113240443
7	3.61172666099
8	3.61909420098
9	3.59754413308
10	3.3674249926
11	0
12	0
13	3.38188662764
14	3.45119620538
15	3.42288950434
16	0
17	0
18	0
19	0
20	0

BaB
The number of CPU's used is 10
1	0
2	0
3	0
4	0
5	3.04088179593
6	0
7	0
8	0
9	0
10	3.6779376427
11	0
12	3.51713397912
13	3.73606232483
14	3.76214883158
15	0
16	3.02090071053
17	3.3251053966
18	3.47864761726
19	3.6938697216
20	3.74731197985

Task set: Num Tasks 450 | Util 35

MW
HyMWGA
Generations: 100
The number of CPU's used is 10
1	3.39252085746
2	0
3	3.43999448826
4	0
5	0
6	3.65268018799
7	3.6476073202
8	3.66493416095
9	3.63843989348
10	3.34593375328
11	0
12	0
13	3.36086685474
14	3.46437458473
15	3.39264789891
16	0
17	0
18	0
19	0
20	0

BaB
The number of CPU's used is 10
1	0
2	0
3	0
4	0
5	3.09235713829
6	0
7	0
8	3.93889642786
9	0
10	0
11	3.28189444472
12	3.50329821064
13	0
14	3.75132317373
15	0
16	3.09235364704
17	3.30472915951
18	3.54231577275
19	3.71708277618
20	3.77574924927

Task set: Num Tasks 250 | Util 45

MW
HyMWGA
Generations: 135
The number of CPU's used is 13
1	3.73591020283
2	3.15238406414
3	3.33617320213
4	0
5	0
6	3.48516101082
7	3.29698954734
8	3.887973428
9	3.22497825541
10	3.41062454618
11	0
12	0
13	3.47449306878
14	3.56724435375
15	3.64403958687
16	0
17	0
18	0
19	3.48388850937
20	3.30014022438

BaB
The number of CPU's used is 13
1	0
2	0
3	3.52926083769
4	3.4099256184
5	0
6	0
7	0
8	3.98211866304
9	3.81064056024
10	3.46435082003
11	0
12	3.33339420119
13	3.56323255582
14	3.63178791844
15	0
16	2.8726899921
17	3.19453026492
18	3.2679435791
19	3.48512295575
20	3.45500203328

Task set: Num Tasks 350 | Util 45

MW
HyMWGA
Generations: 131
The number of CPU's used is 12
1	3.75526869807
2	0
3	3.75906279482
4	0
5	0
6	3.92728939408
7	3.90178487519
8	3.93967108195
9	3.92779356387
10	3.49588214557
11	0
12	0
13	3.71017811015
14	3.65678653949
15	3.63269250539
16	0
17	0
18	0
19	3.60404908456
20	3.68954120686

BaB
The number of CPU's used is 12
1	0
2	0
3	3.67620442726
4	0
5	0
6	3.87360300765
7	3.99611438267
8	3.95545949631
9	3.94610118275
10	3.69802717533
11	0
12	3.50146623124
13	3.70846362281
14	3.62226079963
15	3.63673297904
16	0
17	0
18	0
19	3.6567678108
20	3.72879888452

Task set: Num Tasks 450 | Util 45

MW
HyMWGA
Generations: 100
The number of CPU's used is 12
1	3.6659538986
2	0
3	3.68748397425
4	0
5	0
6	3.86170288237
7	3.85095883399
8	3.87797764258
9	3.96619546702
10	3.72440885144
11	0
12	0
13	3.70843376345
14	3.66908281869
15	3.68180355213
16	0
17	0
18	0
19	3.65112631798
20	3.65487199751

BaB
The number of CPU's used is 12
1	3.6877122517
2	0
3	3.74586435861
4	0
5	0
6	0
7	3.9469676495
8	3.89391638219
9	3.92570598582
10	3.69276033176
11	0
12	3.49650537002
13	3.70319555385
14	3.691191149
15	3.74343026911
16	0
17	0
18	0
19	3.76624679722
20	3.70650390121

