Start schedulers

Task set: Num Tasks 250 | Util 25

MW
HyMWGA
Generations: 100
The number of CPU's used is 7
1	3.40640299193
2	0
3	3.45174553766
4	0
5	0
6	3.62114743218
7	3.65615332183
8	3.72116575084
9	3.68955946641
10	3.45382549915
11	0
12	0
13	0
14	0
15	0
16	0
17	0
18	0
19	0
20	0

BaB
The number of CPU's used is 7
1	0
2	0
3	0
4	0
5	0
6	0
7	0
8	0
9	0
10	0
11	0
12	3.4977117037
13	3.65939325948
14	3.6525980646
15	0
16	0
17	3.24663026572
18	3.48599363735
19	3.75236964833
20	3.70530342082

Task set: Num Tasks 350 | Util 25

MW
HyMWGA
Generations: 100
The number of CPU's used is 7
1	3.40321300673
2	0
3	3.47807373259
4	0
5	0
6	3.70387572417
7	3.67999311066
8	3.66309024392
9	3.64556803731
10	3.42618614462
11	0
12	0
13	0
14	0
15	0
16	0
17	0
18	0
19	0
20	0

BaB
The number of CPU's used is 7
1	0
2	0
3	0
4	0
5	0
6	0
7	0
8	0
9	0
10	0
11	3.28222511104
12	3.54485610954
13	3.74371313339
14	3.7093108097
15	0
16	0
17	3.24431412403
18	0
19	3.71204650142
20	3.76353421087

Task set: Num Tasks 450 | Util 25

MW
HyMWGA
Generations: 100
The number of CPU's used is 7
1	3.45347118067
2	0
3	3.41658900428
4	0
5	0
6	3.64402196589
7	3.6960057091
8	3.66214001411
9	3.66462628989
10	3.46314583607
11	0
12	0
13	0
14	0
15	0
16	0
17	0
18	0
19	0
20	0

BaB
The number of CPU's used is 7
1	0
2	0
3	0
4	0
5	0
6	0
7	0
8	0
9	0
10	0
11	3.31494099701
12	3.50526751432
13	3.73908848711
14	3.70749097043
15	0
16	0
17	3.30572544141
18	0
19	3.72531292263
20	3.70217366709

Task set: Num Tasks 250 | Util 35

MW
HyMWGA
Generations: 100
The number of CPU's used is 10
1	3.33710144616
2	0
3	3.34570854272
4	0
5	0
6	3.62127066905
7	3.62693911495
8	3.61358902561
9	3.76850732272
10	3.43708131524
11	0
12	0
13	3.34227599054
14	3.40024636686
15	3.50728020616
16	0
17	0
18	0
19	0
20	0

BaB
The number of CPU's used is 10
1	0
2	0
3	0
4	0
5	0
6	0
7	0
8	3.95353334027
9	0
10	3.76741547975
11	0
12	3.3361560843
13	3.65850921793
14	3.6198261439
15	0
16	2.8987880244
17	3.17907444497
18	3.34412250423
19	3.62620269783
20	3.61637206242

Task set: Num Tasks 350 | Util 35

MW
HyMWGA
Generations: 100
The number of CPU's used is 10
1	3.44620131903
2	0
3	3.39990275562
4	0
5	0
6	3.66929298707
7	3.62544065627
8	3.6091390538
9	3.58848793358
10	3.47450047495
11	0
12	0
13	3.39142449811
14	3.37464667845
15	3.42096364313
16	0
17	0
18	0
19	0
20	0

BaB
The number of CPU's used is 10
1	0
2	0
3	0
4	0
5	0
6	0
7	0
8	0
9	0
10	3.76364949612
11	3.29142024354
12	3.51214380392
13	3.65567776921
14	3.66240008432
15	0
16	3.02533889497
17	3.24424911307
18	3.45387305954
19	3.71130919552
20	3.6799383398

Task set: Num Tasks 450 | Util 35

MW
HyMWGA
Generations: 100
The number of CPU's used is 10
1	3.40616305766
2	0
3	3.38956331913
4	0
5	0
6	3.61589458211
7	3.62995072811
8	3.65005902084
9	3.59960387231
10	3.47756148874
11	0
12	0
13	3.45128047105
14	3.38519681413
15	3.39472664592
16	0
17	0
18	0
19	0
20	0

BaB
The number of CPU's used is 10
1	0
2	0
3	0
4	0
5	0
6	0
7	0
8	0
9	0
10	3.76666446866
11	3.23746371364
12	3.45615690287
13	3.69648390053
14	3.71695439736
15	0
16	3.00752494851
17	3.2215975434
18	3.51722553657
19	3.68472522467
20	3.69520336379

Task set: Num Tasks 250 | Util 45

MW
HyMWGA
Generations: 100
The number of CPU's used is 13
1	3.5477410462
2	3.12288441389
3	3.35643138307
4	0
5	0
6	3.62509888192
7	3.63451243491
8	3.61565002642
9	3.58273656861
10	3.40130832773
11	0
12	0
13	3.37516688507
14	3.43951917787
15	3.4098776581
16	0
17	0
18	0
19	3.43944710599
20	3.4496260902

BaB
The number of CPU's used is 13
1	0
2	0
3	3.60719034249
4	3.53321090129
5	0
6	0
7	0
8	3.82187777949
9	0
10	3.55059053264
11	3.11478876236
12	3.42406250995
13	3.65233647058
14	3.61476185463
15	0
16	2.89614140777
17	3.16275965908
18	3.42475637955
19	3.61530482249
20	3.58221857769

Task set: Num Tasks 350 | Util 45

MW
HyMWGA
Generations: 100
The number of CPU's used is 13
1	3.3913564953
2	3.1382451982
3	3.36494877985
4	0
5	0
6	3.73286654193
7	3.68602307441
8	3.58222293405
9	3.64009518162
10	3.48013345773
11	0
12	0
13	3.39459116991
14	3.37386995826
15	3.44362689697
16	0
17	0
18	0
19	3.37651447735
20	3.39550583441

BaB
The number of CPU's used is 13
1	0
2	0
3	0
4	3.42912322096
5	2.95530968706
6	0
7	0
8	3.89551985766
9	0
10	3.61709969948
11	3.18917648846
12	3.5139759673
13	3.63121028532
14	3.70042870412
15	0
16	3.05335148259
17	3.20299866234
18	3.42802983491
19	3.61640553961
20	3.7673705702

Task set: Num Tasks 450 | Util 45

MW
HyMWGA
Generations: 100
The number of CPU's used is 12
1	3.68028758174
2	0
3	3.66578107835
4	0
5	0
6	3.98050138989
7	3.86060138236
8	3.85956021374
9	3.92620804005
10	3.63999181106
11	0
12	0
13	3.66262307341
14	3.65415697414
15	3.66165419823
16	0
17	0
18	0
19	3.69255492254
20	3.71607933449

BaB
The number of CPU's used is 12
1	0
2	0
3	3.71136508249
4	0
5	0
6	3.94484455268
7	3.87790564407
8	3.87935303423
9	3.99919625288
10	3.68408502934
11	0
12	3.45057994813
13	3.68056767253
14	3.68052462576
15	3.69869034892
16	0
17	0
18	0
19	3.65832254048
20	3.73456526848

