Start schedulers

Task set: Num Tasks 250 | Util 25

MW
HyMWGA
Generations: 100
The number of CPU's used is 7
1	3.43726277592
2	0
3	3.42003566863
4	0
5	0
6	3.71874923516
7	3.70274762886
8	3.65272179269
9	3.68307902805
10	3.38540387069
11	0
12	0
13	0
14	0
15	0
16	0
17	0
18	0
19	0
20	0

BaB
The number of CPU's used is 7
1	0
2	0
3	0
4	0
5	0
6	0
7	0
8	0
9	0
10	0
11	0
12	3.41704175847
13	3.75097831236
14	3.69121237719
15	0
16	0
17	3.27004403534
18	3.4518555726
19	3.73516918586
20	3.68369875819

Task set: Num Tasks 350 | Util 25

MW
HyMWGA
Generations: 100
The number of CPU's used is 7
1	3.52526984628
2	0
3	3.43348303884
4	0
5	0
6	3.64616170662
7	3.64322231643
8	3.6217286815
9	3.7009224966
10	3.42921191374
11	0
12	0
13	0
14	0
15	0
16	0
17	0
18	0
19	0
20	0

BaB
The number of CPU's used is 7
1	0
2	0
3	0
4	0
5	0
6	0
7	0
8	3.87493147258
9	0
10	0
11	0
12	3.42104267368
13	0
14	3.74726615077
15	0
16	0
17	3.17676814933
18	3.47857837353
19	3.65530337142
20	3.6461098087

Task set: Num Tasks 450 | Util 25

MW
HyMWGA
Generations: 100
The number of CPU's used is 7
1	3.42517471691
2	0
3	3.43878169953
4	0
5	0
6	3.65411353087
7	3.64913784354
8	3.66603003199
9	3.68796292077
10	3.47879925639
11	0
12	0
13	0
14	0
15	0
16	0
17	0
18	0
19	0
20	0

BaB
The number of CPU's used is 7
1	0
2	0
3	0
4	0
5	0
6	0
7	0
8	0
9	0
10	0
11	3.27316343061
12	3.50209786332
13	3.76438886824
14	3.75147168997
15	0
16	0
17	3.26647687926
18	0
19	3.71276211237
20	3.72963915623

Task set: Num Tasks 250 | Util 35

MW
HyMWGA
Generations: 100
The number of CPU's used is 10
1	3.3371558114
2	0
3	3.41554465251
4	0
5	0
6	3.56660587514
7	3.72795274288
8	3.65780775057
9	3.66732315527
10	3.45575772745
11	0
12	0
13	3.41360660758
14	3.3798908591
15	3.37835481809
16	0
17	0
18	0
19	0
20	0

BaB
The number of CPU's used is 10
1	0
2	0
3	0
4	0
5	0
6	0
7	0
8	3.94391836098
9	0
10	0
11	3.23706763332
12	3.55150915548
13	3.64580369609
14	3.6459587998
15	0
16	3.03536943498
17	3.16627978079
18	3.45784064019
19	3.60425958051
20	3.71199291784

Task set: Num Tasks 350 | Util 35

MW
HyMWGA
Generations: 122
The number of CPU's used is 10
1	3.46839738434
2	0
3	3.39402256958
4	0
5	0
6	3.67912321446
7	3.7470305842
8	3.59011324533
9	3.70452662226
10	3.26936243221
11	0
12	0
13	3.38394215959
14	3.36975437403
15	3.39372741399
16	0
17	0
18	0
19	0
20	0

BaB
The number of CPU's used is 10
1	0
2	0
3	3.60930768848
4	0
5	0
6	0
7	0
8	0
9	0
10	3.63756893707
11	0
12	3.47894353407
13	3.61845844177
14	3.72719567532
15	0
16	2.97206802854
17	3.32511355666
18	3.40607426466
19	3.61351429955
20	3.61175557388

Task set: Num Tasks 450 | Util 35

MW
HyMWGA
Generations: 100
The number of CPU's used is 10
1	3.42404702831
2	0
3	3.39714183757
4	0
5	0
6	3.5880004234
7	3.58902306537
8	3.62403836644
9	3.63972843284
10	3.45850382138
11	0
12	0
13	3.46412719364
14	3.46347860091
15	3.35191123013
16	0
17	0
18	0
19	0
20	0

BaB
The number of CPU's used is 10
1	0
2	0
3	0
4	0
5	3.01077277138
6	0
7	0
8	0
9	0
10	3.77472194072
11	0
12	3.4418909687
13	3.72873482219
14	3.73482289996
15	0
16	3.04599541063
17	3.33009977092
18	3.48563615306
19	3.7697136775
20	3.67761158494

Task set: Num Tasks 250 | Util 45

MW
HyMWGA
Generations: 100
The number of CPU's used is 12
1	3.64288362106
2	0
3	3.66494296671
4	0
5	0
6	3.83907223991
7	3.97867341328
8	3.95573371958
9	3.86118327282
10	3.59265426578
11	0
12	0
13	3.7264793034
14	3.68637876623
15	3.65064847624
16	0
17	0
18	0
19	3.76855176482
20	3.63279819017

BaB
The number of CPU's used is 13
1	0
2	0
3	0
4	3.49712418848
5	3.06322706402
6	0
7	0
8	3.91720015057
9	0
10	3.64869865886
11	3.2861246831
12	3.53379541
13	3.67531825404
14	3.60261279468
15	0
16	2.95099701065
17	3.19180143787
18	3.36186741154
19	3.62258810357
20	3.64864483261

Task set: Num Tasks 350 | Util 45

MW
HyMWGA
Generations: 100
The number of CPU's used is 12
1	3.74900756039
2	0
3	3.69288997602
4	0
5	0
6	3.85399481051
7	3.82859311656
8	3.91752020573
9	3.97962414478
10	3.62354121441
11	0
12	0
13	3.72114373227
14	3.68792081214
15	3.60800132989
16	0
17	0
18	0
19	3.63991509884
20	3.69784799846

BaB
The number of CPU's used is 12
1	0
2	0
3	3.65870447752
4	0
5	0
6	3.99728162972
7	3.96098643127
8	3.93567691263
9	3.93336879739
10	3.71732674215
11	0
12	3.54581221329
13	3.64341018885
14	3.62601311795
15	3.64919531227
16	0
17	0
18	0
19	3.62524685879
20	3.70697731818

Task set: Num Tasks 450 | Util 45

MW
HyMWGA
Generations: 100
The number of CPU's used is 12
1	3.75769798498
2	0
3	3.72369176011
4	0
5	0
6	3.8643296565
7	3.88912055293
8	3.85215847207
9	3.9821242306
10	3.61933252149
11	0
12	0
13	3.63667272401
14	3.66368745704
15	3.65690863759
16	0
17	0
18	0
19	3.66808172287
20	3.68619427982

BaB
The number of CPU's used is 12
1	3.75769798498
2	0
3	3.72369176011
4	0
5	0
6	3.8643296565
7	3.88912055293
8	3.85215847207
9	3.9821242306
10	3.61933252149
11	0
12	0
13	3.63667272401
14	3.66368745704
15	3.65690863759
16	0
17	0
18	0
19	3.66808172287
20	3.68619427982

