Start scheduler

Task set: Num Tasks 150 | Util 35 | Pop Size 200

Utilization 34.9170074947
Genetic Algorithm
The number of CPU's used is 17
Allocation strategy
1	1.96451212706
2	1.98347710384
3	1.95854750704
4	1.95408793432
5	1.9835244496
6	1.99066247544
7	1.97633478154
8	2.61177169313
9	0
10	1.98341524593
11	1.97338352534
12	1.98781856513
13	1.96491839596
14	1.99220576814
15	0
16	2.34061248906
17	0
18	1.96749342132
19	2.34864054584
20	1.935601466

MW Algorithm
The number of CPU's used is 11
Allocation strategy
1	3.23535819893
2	3.15446625592
3	3.02856438004
4	3.13264090048
5	3.34298814917
6	3.23837454463
7	3.08381555366
8	3.12621056246
9	3.19183496362
10	3.32892807431
11	3.05382591147
12	0
13	0
14	0
15	0
16	0
17	0
18	0
19	0
20	0

HybridWGA algorithm
The number of CPU's used is 11
Allocation strategy
1	0
2	0
3	3.23535819893
4	0
5	0
6	0
7	0
8	0
9	3.15446625592
10	3.36774570096
11	3.13264090048
12	0
13	3.00380682825
14	3.23837454463
15	0
16	3.08381555366
17	3.02006464584
18	3.19183496362
19	3.32892807431
20	3.15997182809

Genetic Algorithm
The number of CPU's used is 11
Allocation strategy
1	0
2	0
3	3.0952854412
4	0
5	0
6	0
7	0
8	0
9	3.05521010445
10	3.1012316981
11	3.08024487404
12	0
13	3.29725463204
14	3.33088032646
15	0
16	3.28017165817
17	3.06023089407
18	3.46245775561
19	3.10673549077
20	3.04730461976

