Start scheduler

Task set: Num Tasks 100 | Util 20 | Pop Size 2000

Utilization 19.8032584391
Genetic Algorithm
The number of CPU's used is 16
Allocation stategy
1	0.623747518677
2	1.79666361906
3	1.40096848185
4	0.494375142392
5	1.41231872486
6	1.31529382055
7	0.868165033724
8	2.12772174973
9	1.98406163637
10	1.13774646989
11	1.46806158864
12	0
13	0.909113728172
14	1.87267146461
15	0
16	0
17	0
18	1.34842829737
19	0.473760257878
20	0.570160905284

MW Algorithm
The number of CPU's used is 6
Allocation stategy
1	3.27598640118
2	3.36040331529
3	3.30103500542
4	3.23544074692
5	3.31855915816
6	3.3118338121
7	0
8	0
9	0
10	0
11	0
12	0
13	0
14	0
15	0
16	0
17	0
18	0
19	0
20	0

HybridWGA algorithm
Genetic Algorithm
The number of CPU's used is 6
Allocation stategy
1	3.27598640118
2	3.36040331529
3	3.30103500542
4	3.47689899192
5	3.31855915816
6	3.0703755671
7	0
8	0
9	0
10	0
11	0
12	0
13	0
14	0
15	0
16	0
17	0
18	0
19	0
20	0

