Start scheduler

Task set: Num Tasks 100 | Util 20 | Pop Size 2000

Utilization 19.4605751401
Genetic Algorithm
The number of CPU's used is 18
Allocation stategy
1	0.905654432708
2	0.646352602727
3	0.509777223851
4	0
5	1.02118603136
6	1.02834051035
7	0.564459749861
8	0.475127067983
9	1.2964653171
10	0.57357781036
11	1.59294745573
12	0.513188875491
13	0
14	1.19878118023
15	1.36794037451
16	1.34534683556
17	1.60520302305
18	1.43476861538
19	1.9453177734
20	1.60937842036

MW Algorithm
The number of CPU's used is 20
Allocation stategy
1	0.959991848031
2	1.01290915103
3	0.907390639324
4	0.895593356596
5	0.985997236259
6	0.870553320813
7	1.01836200774
8	1.04985421035
9	0.996402255426
10	1.01039159256
11	1.00129853117
12	1.02802190637
13	0.849376853461
14	1.03994471579
15	0.877794768094
16	1.02315842095
17	1.07118883372
18	0.911733767243
19	0.897059538618
20	1.05355218652

HybridWGA algorithm
Genetic Algorithm
The number of CPU's used is 18
Allocation stategy
1	0.682431063943
2	1.05774539628
3	1.56361284264
4	0
5	1.70029291008
6	0.493107807167
7	0.883889416567
8	0.41838686021
9	1.48680497618
10	1.65066967692
11	0.617460005725
12	0.421038966823
13	1.17158794911
14	0.513211012863
15	1.0135122027
16	1.8812066296
17	1.09045312288
18	0
19	1.59187454573
20	1.39183060541
