Start scheduler

Task set: Num Tasks 300 | Util 45 | Pop Size 200

Utilization 45.280060502
MW Algorithm
The number of CPU's used is 13
Allocation strategy
1	3.70151660862
2	3.5355015553
3	3.55416216419
4	3.33865021284
5	2.98119737712
6	3.5337050499
7	3.57852889091
8	3.57627705941
9	3.56300033057
10	3.53271865476
11	3.32353433328
12	3.54820392867
13	3.51306433643
14	0
15	0
16	0
17	0
18	0
19	0
20	0

HybridWGA algorithm
The number of CPU's used is 13
Allocation strategy
1	0
2	0
3	3.53471898086
4	0
5	0
6	3.50921566265
7	3.52091144536
8	3.504280699
9	3.67306562744
10	3.54266008644
11	3.22810617761
12	3.54352707506
13	0
14	0
15	3.52419070804
16	0
17	3.28450643156
18	3.38758628165
19	3.50635830708
20	3.52093301927

Genetic Algorithm
The number of CPU's used is 13
Allocation strategy
1	0
2	0
3	3.30751882435
4	0
5	0
6	3.2807743156
7	3.28791292781
8	3.49039025435
9	3.77239416433
10	3.77565860398
11	3.22810617761
12	3.54352707506
13	0
14	0
15	3.73727921043
16	0
17	3.28450643156
18	3.53501670891
19	3.51136673766
20	3.52560907036
