Start scheduler

Task set: Num Tasks 300 | Util 45 | Pop Size 200

Utilization 45.280060502

MW Algorithm
The number of CPU's used is 13
Allocation strategy
1	3.70151660862
2	3.5355015553
3	3.55416216419
4	3.33865021284
5	2.98119737712
6	3.5337050499
7	3.57852889091
8	3.57627705941
9	3.56300033057
10	3.53271865476
11	3.32353433328
12	3.54820392867
13	3.51306433643
14	0
15	0
16	0
17	0
18	0
19	0
20	0

HybridWGA algorithm
The number of CPU's used is 13
Allocation strategy
1	3.66188544442
2	0
3	3.50921566265
4	0
5	0
6	0
7	3.52091144536
8	3.504280699
9	3.44545893765
10	3.54266008644
11	3.22810617761
12	3.54352707506
13	3.52419070804
14	3.54019654314
15	0
16	0
17	3.25636014097
18	0
19	3.50635830708
20	3.4969092746

Genetic Algorithm
The number of CPU's used is 13
Allocation strategy
1	3.722099958
2	0
3	3.30444330425
4	0
5	0
6	0
7	3.05460776275
8	3.54811501793
9	3.54618246354
10	3.54266008644
11	3.22810617761
12	3.54352707506
13	3.77191238657
14	3.76342150292
15	0
16	0
17	3.25171718527
18	0
19	3.50635830708
20	3.4969092746

