Start scheduler

Task set: Num Tasks 100 | Util 20 | Pop Size 2000

Utilization 20.666753043
Genetic Algorithm
The number of CPU's used is 10
Allocation stategy
1	0
2	0
3	1.99565251031
4	0
5	0
6	1.98460390754
7	1.98858151172
8	0
9	1.97105138728
10	0
11	1.99662237941
12	1.94396861688
13	1.99302713939
14	1.97866986301
15	0
16	0
17	0
18	1.99131107032
19	2.82326465711
20	0

MW Algorithm
The number of CPU's used is 6
Allocation stategy
1	3.4745257602
2	3.51210608554
3	3.28180671656
4	3.44451634367
5	3.44675491268
6	3.50704322433
7	0
8	0
9	0
10	0
11	0
12	0
13	0
14	0
15	0
16	0
17	0
18	0
19	0
20	0

HybridWGA algorithm
Genetic Algorithm
The number of CPU's used is 6
Allocation stategy
1	0
2	0
3	0
4	0
5	0
6	0
7	0
8	3.540336139
9	0
10	3.31133054812
11	0
12	3.49026239822
13	0
14	3.47199591151
15	0
16	0
17	0
18	3.52162715941
19	3.33120088672
20	0

