Start scheduler

Task set: Num Tasks 150 | Util 20 | Pop Size 200

Utilization 20.0
HMWG algorithm
The number of CPU's used is 6
1	0
2	0
3	0
4	0
5	0
6	3.28472210867
7	2.87849162989
8	3.72777002283
9	3.10958621391
10	0
11	0
12	0
13	0
14	0
15	0
16	0
17	0
18	0
19	3.54355618393
20	3.45587384078
eChromo: 1284.17511128

HBaBG algorithm
The number of CPU's used is 6
1	0
2	0
3	0
4	0
5	0
6	3.2659399498
7	3.29987068013
8	3.49890692307
9	3.54955373074
10	0
11	0
12	0
13	0
14	0
15	0
16	0
17	0
18	0
19	3.32378129568
20	3.06194742057
eChromo: 1284.54941935

Task set: Num Tasks 200 | Util 20 | Pop Size 200

Utilization 20.0
HMWG algorithm
The number of CPU's used is 6
1	0
2	0
3	0
4	0
5	0
6	3.31185411044
7	3.00672296531
8	3.52261725397
9	3.7554992927
10	0
11	0
12	0
13	0
14	0
15	0
16	0
17	0
18	0
19	3.31924415347
20	3.08406222412
eChromo: 1284.38800747

HBaBG algorithm
The number of CPU's used is 6
1	0
2	0
3	0
4	0
5	0
6	3.52182467402
7	3.07770452849
8	3.69823109001
9	3.30153800975
10	0
11	0
12	0
13	0
14	0
15	0
16	0
17	0
18	0
19	2.84656501392
20	3.55413668382
eChromo: 1283.14125445

Task set: Num Tasks 300 | Util 20 | Pop Size 200

Utilization 20.0
HMWG algorithm
The number of CPU's used is 6
1	0
2	0
3	0
4	0
5	0
6	2.88597742121
7	3.50747848262
8	3.4972621999
9	3.5328024516
10	0
11	0
12	0
13	0
14	0
15	0
16	0
17	0
18	0
19	3.29446336665
20	3.28201607801
eChromo: 1284.03586979

HBaBG algorithm
The number of CPU's used is 6
1	0
2	0
3	0
4	0
5	0
6	2.84858690274
7	3.32394259731
8	3.05728579904
9	3.29802008316
10	0
11	0
12	0
13	0
14	0
15	0
16	0
17	0
18	0
19	3.75752317204
20	3.71464144571
eChromo: 1283.34951229

Task set: Num Tasks 150 | Util 35 | Pop Size 200

Utilization 35.0
HMWG algorithm
The number of CPU's used is 10
1	0
2	0
3	0
4	0
5	0
6	2.21412778864
7	2.71527382374
8	3.94841279018
9	3.61546512891
10	3.74309425217
11	0
12	0
13	3.75383425506
14	3.75804905523
15	3.69954888779
16	0
17	0
18	0
19	3.77655590782
20	3.77563811045
eChromo: 950.111537768

HBaBG algorithm
The number of CPU's used is 10
1	0
2	0
3	3.7524377655
4	0
5	0
6	3.50180671937
7	2.54656485582
8	3.32395349223
9	3.82275030353
10	3.47739005803
11	0
12	0
13	3.54342839063
14	3.72921359787
15	0
16	0
17	0
18	0
19	3.7573944678
20	3.54506034922
eChromo: 953.942580681

Task set: Num Tasks 200 | Util 35 | Pop Size 200

Utilization 35.0
HMWG algorithm
The number of CPU's used is 10
1	0
2	0
3	0
4	0
5	0
6	2.80107177319
7	3.0776550644
8	3.73153557417
9	3.96000172277
10	3.77636966739
11	0
12	0
13	3.17896844045
14	3.72639947213
15	3.25905510276
16	0
17	0
18	0
19	3.7367932327
20	3.75214995004
eChromo: 952.571664646

HBaBG algorithm
The number of CPU's used is 10
1	0
2	0
3	3.73074024512
4	0
5	0
6	3.06566758989
7	3.32534724864
8	3.93466700594
9	3.31954252417
10	2.61590690362
11	0
12	0
13	3.77196269432
14	3.74837717538
15	0
16	0
17	0
18	0
19	3.73787294844
20	3.74991566449
eChromo: 956.193723896

Task set: Num Tasks 300 | Util 35 | Pop Size 200

Utilization 35.0
HMWG algorithm
The number of CPU's used is 10
1	0
2	0
3	0
4	0
5	0
6	3.27689692414
7	3.41698348451
8	3.33332631803
9	3.31895036914
10	3.75154764215
11	0
12	0
13	3.73603877276
14	3.77083546037
15	2.84938358485
16	0
17	0
18	0
19	3.76856774996
20	3.7774696941
eChromo: 955.43299373

HBaBG algorithm
The number of CPU's used is 10
1	0
2	0
3	3.77309557106
4	0
5	0
6	3.04992918483
7	3.53599854988
8	3.07869728422
9	3.75395069924
10	3.7231778052
11	0
12	0
13	3.7724203151
14	3.26337970261
15	0
16	0
17	0
18	0
19	3.7646377331
20	3.28471315475
eChromo: 957.930743759

