Start scheduler

Task set: Num Tasks 150 | Util 20 | Pop Size 200

Utilization 20.0
HMWG algorithm
The number of CPU's used is 6
1	0
2	0
3	0
4	0
5	0
6	3.02428739726
7	2.8366919859
8	3.97525426802
9	3.32927909161
10	0
11	0
12	0
13	0
14	0
15	0
16	0
17	0
18	0
19	3.08329845991
20	3.75118879731
eChromo: 1283.13352978

HBaBG algorithm
The number of CPU's used is 6
1	0
2	0
3	0
4	0
5	0
6	3.29247896933
7	3.08947953533
8	2.86635082919
9	3.52781708432
10	0
11	0
12	0
13	0
14	0
15	0
16	0
17	0
18	0
19	3.45935341598
20	3.76452016584
eChromo: 1283.33720043

Task set: Num Tasks 200 | Util 20 | Pop Size 200

Utilization 20.0
HMWG algorithm
The number of CPU's used is 6
1	0
2	0
3	0
4	0
5	0
6	3.10403093308
7	2.79583625621
8	3.53503507276
9	3.10513314227
10	0
11	0
12	0
13	0
14	0
15	0
16	0
17	0
18	0
19	3.68769897353
20	3.77226562214
eChromo: 1283.72254567

HBaBG algorithm
The number of CPU's used is 6
1	0
2	0
3	0
4	0
5	0
6	3.203984345
7	3.09728744795
8	3.09166566529
9	3.55531507746
10	0
11	0
12	0
13	0
14	0
15	0
16	0
17	0
18	0
19	3.29946790575
20	3.75227955855
eChromo: 1284.13819483

Task set: Num Tasks 300 | Util 20 | Pop Size 200

Utilization 20.0
HMWG algorithm
The number of CPU's used is 6
1	0
2	0
3	0
4	0
5	0
6	2.99877705273
7	3.30187113483
8	3.31237012944
9	3.07645162646
10	0
11	0
12	0
13	0
14	0
15	0
16	0
17	0
18	0
19	3.75982461561
20	3.55070544094
eChromo: 1284.0681325

HBaBG algorithm
The number of CPU's used is 6
1	0
2	0
3	0
4	0
5	0
6	3.04396318266
7	3.29842203278
8	3.31067993264
9	3.54279376008
10	0
11	0
12	0
13	0
14	0
15	0
16	0
17	0
18	0
19	3.51136562845
20	3.29277546339
eChromo: 1284.9331271

Task set: Num Tasks 150 | Util 35 | Pop Size 200

Utilization 35.0
HMWG algorithm
The number of CPU's used is 10
1	0
2	0
3	0
4	0
5	0
6	2.82593789298
7	3.03498002496
8	3.53901579067
9	3.69846361691
10	3.52068848202
11	0
12	0
13	3.74135700465
14	3.76544559546
15	3.74476400669
16	0
17	0
18	0
19	3.51190425822
20	3.61744332744
eChromo: 954.665757921

HBaBG algorithm
The number of CPU's used is 10
1	0
2	0
3	3.68412217384
4	0
5	0
6	2.82797602872
7	3.28078210872
8	3.77759258658
9	3.44162706484
10	3.72229994431
11	0
12	0
13	3.70138670238
14	3.08214196229
15	0
16	0
17	0
18	0
19	3.70613312585
20	3.77593830246
eChromo: 954.414044722

Task set: Num Tasks 200 | Util 35 | Pop Size 200

Utilization 35.0
HMWG algorithm
The number of CPU's used is 10
1	0
2	0
3	0
4	0
5	0
6	2.7914894304
7	2.60921384942
8	3.99161596838
9	3.72088578733
10	3.74583081181
11	0
12	0
13	3.65283700061
14	3.7709014724
15	3.45798921875
16	0
17	0
18	0
19	3.55017949948
20	3.70905696142
eChromo: 952.47325814

HBaBG algorithm
The number of CPU's used is 10
1	0
2	0
3	3.76636565699
4	0
5	0
6	2.84539580597
7	2.88284825764
8	3.9504883323
9	3.98992501274
10	3.41143816562
11	0
12	0
13	3.64844258987
14	3.49738625554
15	0
16	0
17	0
18	0
19	3.53364664729
20	3.47406327604
eChromo: 954.616119342

Task set: Num Tasks 300 | Util 35 | Pop Size 200

Utilization 35.0
HMWG algorithm
The number of CPU's used is 10
1	0
2	0
3	0
4	0
5	0
6	3.30326607268
7	3.29636669942
8	3.63750719506
9	3.27826590981
10	3.52730290416
11	0
12	0
13	3.73923659662
14	3.70934622747
15	3.06535523209
16	0
17	0
18	0
19	3.71514058926
20	3.72821257342
eChromo: 953.618214907

HBaBG algorithm
The number of CPU's used is 10
1	0
2	0
3	2.86807388179
4	0
5	0
6	3.74604417612
7	3.67908217417
8	3.96583104145
9	3.28524015251
10	3.52802773824
11	0
12	0
13	3.74489198178
14	3.47653245461
15	0
16	0
17	0
18	0
19	3.41476964696
20	3.29150675235
eChromo: 952.998326431

