Start scheduler

Task set: Num Tasks 150 | Util 20 | Pop Size 200

Utilization 20.0
HMWG algorithm
The number of CPU's used is 6
1	0
2	0
3	0
4	0
5	0
6	3.24604224045
7	3.55069539381
8	3.51739696924
9	3.06856046513
10	0
11	0
12	0
13	0
14	0
15	0
16	0
17	0
18	0
19	3.53075063478
20	3.0865542966
eChromo: 1283.39677887

HBaBG algorithm
The number of CPU's used is 6
1	0
2	0
3	0
4	0
5	0
6	2.74895441663
7	3.07533955755
8	3.10998718535
9	3.53386000781
10	0
11	0
12	0
13	0
14	0
15	0
16	0
17	0
18	0
19	3.76371851412
20	3.76814031855
eChromo: 1283.58515799

Task set: Num Tasks 200 | Util 20 | Pop Size 200

Utilization 20.0
HMWG algorithm
The number of CPU's used is 6
1	0
2	0
3	0
4	0
5	0
6	3.30347850045
7	3.09384187916
8	3.49037220162
9	3.10859705877
10	0
11	0
12	0
13	0
14	0
15	0
16	0
17	0
18	0
19	3.31361540073
20	3.69009495927
eChromo: 1284.31210943

HBaBG algorithm
The number of CPU's used is 6
1	0
2	0
3	0
4	0
5	0
6	3.30963439002
7	3.10213040626
8	3.75010071979
9	3.54295945026
10	0
11	0
12	0
13	0
14	0
15	0
16	0
17	0
18	0
19	3.03936725333
20	3.25580778034
eChromo: 1284.45050415

Task set: Num Tasks 300 | Util 20 | Pop Size 200

Utilization 20.0
HMWG algorithm
The number of CPU's used is 6
1	0
2	0
3	0
4	0
5	0
6	3.07053891757
7	2.88047628384
8	3.74919895773
9	3.49581091546
10	0
11	0
12	0
13	0
14	0
15	0
16	0
17	0
18	0
19	3.30183201138
20	3.50214291403
eChromo: 1284.67397267

HBaBG algorithm
The number of CPU's used is 6
1	0
2	0
3	0
4	0
5	0
6	3.25947320237
7	3.08357781605
8	3.30155018132
9	3.48552393578
10	0
11	0
12	0
13	0
14	0
15	0
16	0
17	0
18	0
19	3.316770876
20	3.55310398848
eChromo: 1285.01263296

Task set: Num Tasks 150 | Util 35 | Pop Size 200

Utilization 35.0
HMWG algorithm
The number of CPU's used is 10
1	0
2	0
3	0
4	0
5	0
6	2.95279742409
7	3.77551676816
8	3.31526331076
9	3.95893100803
10	3.26243666046
11	0
12	0
13	3.5091128944
14	3.51211790605
15	3.7448243983
16	0
17	0
18	0
19	3.45683487851
20	3.51216475125
eChromo: 952.268803968

HBaBG algorithm
The number of CPU's used is 10
1	0
2	0
3	3.67840176756
4	0
5	0
6	3.05094424981
7	2.64587965862
8	3.96816648797
9	3.97169994079
10	3.73959983767
11	0
12	0
13	3.3269418904
14	3.4669404843
15	0
16	0
17	0
18	0
19	3.43591354112
20	3.71551214175
eChromo: 953.215134723

Task set: Num Tasks 200 | Util 35 | Pop Size 200

Utilization 35.0
HMWG algorithm
The number of CPU's used is 10
1	0
2	0
3	0
4	0
5	0
6	3.24446269806
7	2.42080087746
8	3.7313630457
9	3.32829580507
10	3.75212896137
11	0
12	0
13	3.72554197845
14	3.72676798685
15	3.76866180778
16	0
17	0
18	0
19	3.55077637703
20	3.75120046224
eChromo: 956.01275239

HBaBG algorithm
The number of CPU's used is 10
1	0
2	0
3	3.7119847814
4	0
5	0
6	3.08107871429
7	2.8108880656
8	3.32415986882
9	3.91818612029
10	3.71106918643
11	0
12	0
13	3.75069684801
14	3.72891346658
15	0
16	0
17	0
18	0
19	3.43702075822
20	3.52600219037
eChromo: 955.225944116

Task set: Num Tasks 300 | Util 35 | Pop Size 200

Utilization 35.0
HMWG algorithm
The number of CPU's used is 10
1	0
2	0
3	0
4	0
5	0
6	3.22912554122
7	2.87468959728
8	3.62242337567
9	3.99508291335
10	3.76894199089
11	0
12	0
13	3.47316758921
14	3.24164928631
15	3.73973100726
16	0
17	0
18	0
19	3.7669725762
20	3.28821612261
eChromo: 953.047600529

HBaBG algorithm
The number of CPU's used is 10
1	0
2	0
3	3.76434723402
4	0
5	0
6	3.4762887569
7	2.7419938195
8	3.67339066208
9	3.53387753033
10	3.72346828734
11	0
12	0
13	3.77408944788
14	3.75480797376
15	0
16	0
17	0
18	0
19	3.25522285749
20	3.3025134307
eChromo: 955.64846331

