Start scheduler

Task set: Num Tasks 150 | Util 20 | Pop Size 200

Utilization 20.0
HMWG algorithm
The number of CPU's used is 6
1	0
2	0
3	0
4	0
5	0
6	3.54480988998
7	3.53875677432
8	3.43981673721
9	3.07359675359
10	0
11	0
12	0
13	0
14	0
15	0
16	0
17	0
18	0
19	3.54234370915
20	2.86067613576
eChromo: 1282.11968799

HBaBG algorithm
The number of CPU's used is 6
1	0
2	0
3	0
4	0
5	0
6	3.53469746929
7	3.09070910732
8	3.10758941259
9	3.55347080678
10	0
11	0
12	0
13	0
14	0
15	0
16	0
17	0
18	0
19	3.17844338819
20	3.53508981582
eChromo: 1284.04305469

Task set: Num Tasks 200 | Util 20 | Pop Size 200

Utilization 20.0
HMWG algorithm
The number of CPU's used is 6
1	0
2	0
3	0
4	0
5	0
6	3.27346666693
7	3.10315825268
8	3.31585891455
9	3.74677964478
10	0
11	0
12	0
13	0
14	0
15	0
16	0
17	0
18	0
19	3.30097270145
20	3.2597638196
eChromo: 1284.65381875

HBaBG algorithm
The number of CPU's used is 6
1	0
2	0
3	0
4	0
5	0
6	3.3245686006
7	3.08530839982
8	2.83513334024
9	3.22224866889
10	0
11	0
12	0
13	0
14	0
15	0
16	0
17	0
18	0
19	3.77052691541
20	3.76221407504
eChromo: 1282.88447961

Task set: Num Tasks 300 | Util 20 | Pop Size 200

Utilization 20.0
HMWG algorithm
The number of CPU's used is 6
1	0
2	0
3	0
4	0
5	0
6	3.10791675638
7	2.86403272332
8	3.70708305862
9	3.32578347925
10	0
11	0
12	0
13	0
14	0
15	0
16	0
17	0
18	0
19	3.54127206028
20	3.45391192215
eChromo: 1284.67050542

HBaBG algorithm
The number of CPU's used is 6
1	0
2	0
3	0
4	0
5	0
6	3.33257597638
7	3.10203067476
8	3.7508981763
9	3.03901855691
10	0
11	0
12	0
13	0
14	0
15	0
16	0
17	0
18	0
19	3.54999777352
20	3.22547884213
eChromo: 1284.46809406

Task set: Num Tasks 150 | Util 35 | Pop Size 200

Utilization 35.0
HMWG algorithm
The number of CPU's used is 10
1	0
2	0
3	0
4	0
5	0
6	2.83889464418
7	3.04279351851
8	3.97248704357
9	2.98837375013
10	3.74962690722
11	0
12	0
13	3.73230412893
14	3.72458735463
15	3.72976923793
16	0
17	0
18	0
19	3.70236150885
20	3.51880190605
eChromo: 953.257176652

HBaBG algorithm
The number of CPU's used is 10
1	0
2	0
3	3.77307009385
4	0
5	0
6	3.04209320262
7	3.74315823493
8	3.28199905426
9	3.937522379
10	3.51224046797
11	0
12	0
13	3.68814069828
14	3.45985921224
15	0
16	0
17	0
18	0
19	3.31874177924
20	3.24317487762
eChromo: 953.674061861

Task set: Num Tasks 200 | Util 35 | Pop Size 200

Utilization 35.0
HMWG algorithm
The number of CPU's used is 10
1	0
2	0
3	0
4	0
5	0
6	3.31410230329
7	2.557502983
8	3.98800773439
9	3.92873300069
10	3.77449296675
11	0
12	0
13	3.72070968805
14	3.70170123156
15	3.43772006273
16	0
17	0
18	0
19	3.08610427375
20	3.49092575578
eChromo: 951.772947122

HBaBG algorithm
The number of CPU's used is 10
1	0
2	0
3	3.5442957225
4	0
5	0
6	2.82187920034
7	3.46558308082
8	3.83537424174
9	2.86563975908
10	3.77659742233
11	0
12	0
13	3.70740681139
14	3.54839303142
15	0
16	0
17	0
18	0
19	3.7759236047
20	3.65890712568
eChromo: 953.598007362

Task set: Num Tasks 300 | Util 35 | Pop Size 200

Utilization 35.0
HMWG algorithm
The number of CPU's used is 10
1	0
2	0
3	0
4	0
5	0
6	3.77351705728
7	3.30601681753
8	3.93765880433
9	3.09496220526
10	3.41995871489
11	0
12	0
13	3.77061813776
14	3.76732225875
15	2.60413645673
16	0
17	0
18	0
19	3.77125457629
20	3.55455497118
eChromo: 953.020911457

HBaBG algorithm
The number of CPU's used is 10
1	0
2	0
3	3.05109771133
4	0
5	0
6	3.47874762364
7	3.26284646939
8	3.03748715379
9	3.87321393163
10	3.77131883638
11	0
12	0
13	3.73169398278
14	3.72787552769
15	0
16	0
17	0
18	0
19	3.74407999451
20	3.32163876886
eChromo: 954.92000686

