Start scheduler

Task set: Num Tasks 150 | Util 20 | Pop Size 200

Utilization 20.0
HMWG algorithm
The number of CPU's used is 6
1	0
2	0
3	0
4	0
5	0
6	2.84925474074
7	2.84458857003
8	3.47696728613
9	3.73247682219
10	0
11	0
12	0
13	0
14	0
15	0
16	0
17	0
18	0
19	3.33045575227
20	3.76625682864
eChromo: 1283.93749409

HBaBG algorithm
The number of CPU's used is 6
1	0
2	0
3	0
4	0
5	0
6	3.54573461994
7	3.26550579138
8	3.26853229616
9	3.53364487943
10	0
11	0
12	0
13	0
14	0
15	0
16	0
17	0
18	0
19	3.55118491753
20	2.83539749557
eChromo: 1283.17623047

Task set: Num Tasks 200 | Util 20 | Pop Size 200

Utilization 20.0
HMWG algorithm
The number of CPU's used is 6
1	0
2	0
3	0
4	0
5	0
6	3.27620703304
7	3.29473970885
8	3.32874538505
9	3.2423520316
10	0
11	0
12	0
13	0
14	0
15	0
16	0
17	0
18	0
19	3.54160829672
20	3.31634754473
eChromo: 1284.81176338

HBaBG algorithm
The number of CPU's used is 6
1	0
2	0
3	0
4	0
5	0
6	3.25003596386
7	3.05360760079
8	3.54294791935
9	3.49410342094
10	0
11	0
12	0
13	0
14	0
15	0
16	0
17	0
18	0
19	3.33097653429
20	3.32832856078
eChromo: 1285.14350707

Task set: Num Tasks 300 | Util 20 | Pop Size 200

Utilization 20.0
HMWG algorithm
The number of CPU's used is 6
1	0
2	0
3	0
4	0
5	0
6	3.29488458166
7	3.31080123551
8	3.99986456997
9	3.29680239721
10	0
11	0
12	0
13	0
14	0
15	0
16	0
17	0
18	0
19	2.86516967686
20	3.2324775388
eChromo: 1282.73188466

HBaBG algorithm
The number of CPU's used is 6
1	0
2	0
3	0
4	0
5	0
6	3.29518817473
7	3.10672370789
8	3.53296894819
9	3.32099438231
10	0
11	0
12	0
13	0
14	0
15	0
16	0
17	0
18	0
19	3.47774572373
20	3.26637906314
eChromo: 1285.14003982

Task set: Num Tasks 150 | Util 35 | Pop Size 200

Utilization 35.0
HMWG algorithm
The number of CPU's used is 10
1	0
2	0
3	0
4	0
5	0
6	3.01274353656
7	2.76096995892
8	3.50381030135
9	3.90494572486
10	3.77496218015
11	0
12	0
13	3.28562364053
14	3.73826078286
15	3.4922286618
16	0
17	0
18	0
19	3.75753504409
20	3.76892016888
eChromo: 953.024167727

HBaBG algorithm
The number of CPU's used is 10
1	0
2	0
3	3.53334097358
4	0
5	0
6	2.77015061972
7	3.07087973212
8	3.81386064028
9	3.1720493034
10	3.71726416217
11	0
12	0
13	3.68664675395
14	3.76845850073
15	0
16	0
17	0
18	0
19	3.69661490461
20	3.77073440944
eChromo: 951.936066832

Task set: Num Tasks 200 | Util 35 | Pop Size 200

Utilization 35.0
HMWG algorithm
The number of CPU's used is 10
1	0
2	0
3	0
4	0
5	0
6	3.9787642181
7	2.96004520218
8	3.53941859468
9	2.75866167106
10	3.72150556915
11	0
12	0
13	3.76870720008
14	3.75970555055
15	3.74963323346
16	0
17	0
18	0
19	3.68348867177
20	3.08007008897
eChromo: 950.153375356

HBaBG algorithm
The number of CPU's used is 10
1	0
2	0
3	3.76498706545
4	0
5	0
6	3.52281260292
7	3.30332114392
8	3.76271042969
9	3.91737137498
10	3.76436012783
11	0
12	0
13	2.43775867587
14	3.72852185046
15	0
16	0
17	0
18	0
19	3.30124375352
20	3.49691297535
eChromo: 953.115419226

Task set: Num Tasks 300 | Util 35 | Pop Size 200

Utilization 35.0
HMWG algorithm
The number of CPU's used is 10
1	0
2	0
3	0
4	0
5	0
6	3.10808776681
7	3.55468830133
8	3.42771852977
9	3.41000003286
10	3.75425650969
11	0
12	0
13	3.64732203253
14	3.0959355733
15	3.75081017406
16	0
17	0
18	0
19	3.49963188018
20	3.75154919947
eChromo: 953.139002571

HBaBG algorithm
The number of CPU's used is 10
1	0
2	0
3	3.77107163028
4	0
5	0
6	2.34764695361
7	2.83949313654
8	3.99482118923
9	3.5037523596
10	3.75559496343
11	0
12	0
13	3.76461355279
14	3.53000859564
15	0
16	0
17	0
18	0
19	3.73384820203
20	3.75914941685
eChromo: 956.85910814

