Start scheduler

Task set: Num Tasks 150 | Util 20 | Pop Size 200

Utilization 20.0
HMWG algorithm
The number of CPU's used is 6
1	0
2	0
3	0
4	0
5	0
6	3.33107380004
7	2.83147217813
8	3.27771556737
9	3.54218610897
10	0
11	0
12	0
13	0
14	0
15	0
16	0
17	0
18	0
19	3.53994054104
20	3.47761180445
eChromo: 1284.7544263

HBaBG algorithm
The number of CPU's used is 6
1	0
2	0
3	0
4	0
5	0
6	3.09997279042
7	3.07683627079
8	3.53971650805
9	3.0590191055
10	0
11	0
12	0
13	0
14	0
15	0
16	0
17	0
18	0
19	3.53732510649
20	3.68713021875
eChromo: 1284.4300059

Task set: Num Tasks 200 | Util 20 | Pop Size 200

Utilization 20.0
HMWG algorithm
The number of CPU's used is 6
1	0
2	0
3	0
4	0
5	0
6	2.78678624242
7	2.85221704853
8	3.32742760141
9	3.97907531389
10	0
11	0
12	0
13	0
14	0
15	0
16	0
17	0
18	0
19	3.31484334141
20	3.73965045234
eChromo: 1283.02020002

HBaBG algorithm
The number of CPU's used is 6
1	0
2	0
3	0
4	0
5	0
6	3.0448262918
7	3.31491083032
8	3.50377473346
9	3.54261395591
10	0
11	0
12	0
13	0
14	0
15	0
16	0
17	0
18	0
19	3.0489650519
20	3.54490913661
eChromo: 1284.59589415

Task set: Num Tasks 300 | Util 20 | Pop Size 200

Utilization 20.0
HMWG algorithm
The number of CPU's used is 6
1	0
2	0
3	0
4	0
5	0
6	3.30706532043
7	3.28553091356
8	3.52830849228
9	3.51982177958
10	0
11	0
12	0
13	0
14	0
15	0
16	0
17	0
18	0
19	3.26401178784
20	3.09526170631
eChromo: 1284.54941935

HBaBG algorithm
The number of CPU's used is 6
1	0
2	0
3	0
4	0
5	0
6	3.10790316791
7	2.86452953322
8	3.31338372521
9	3.41244162918
10	0
11	0
12	0
13	0
14	0
15	0
16	0
17	0
18	0
19	3.76757672507
20	3.5341652194
eChromo: 1284.4230692

Task set: Num Tasks 150 | Util 35 | Pop Size 200

Utilization 35.0
HMWG algorithm
The number of CPU's used is 10
1	0
2	0
3	0
4	0
5	0
6	3.50404216141
7	2.83723596659
8	3.31907578697
9	3.43362576095
10	3.4994021295
11	0
12	0
13	3.75035468695
14	3.72957615439
15	3.53062337313
16	0
17	0
18	0
19	3.6949392308
20	3.7011247493
eChromo: 954.011631903

HBaBG algorithm
The number of CPU's used is 10
1	0
2	0
3	3.05153612146
4	0
5	0
6	3.08346137308
7	3.53604491283
8	3.73979691071
9	3.98042137911
10	3.71090652781
11	0
12	0
13	3.48527421161
14	3.75933090346
15	0
16	0
17	0
18	0
19	3.49583478242
20	3.1573928775
eChromo: 955.620434208

Task set: Num Tasks 200 | Util 35 | Pop Size 200

Utilization 35.0
HMWG algorithm
The number of CPU's used is 10
1	0
2	0
3	0
4	0
5	0
6	3.10659221576
7	3.38394597059
8	3.9796313958
9	3.49058161897
10	3.46382157641
11	0
12	0
13	3.0553351314
14	3.77121693739
15	3.7752286208
16	0
17	0
18	0
19	3.73756245513
20	3.23608407775
eChromo: 952.494008437

HBaBG algorithm
The number of CPU's used is 10
1	0
2	0
3	3.06789163191
4	0
5	0
6	3.08934466254
7	3.30556487641
8	3.91905126004
9	3.43316643015
10	3.73257474507
11	0
12	0
13	3.32723752111
14	3.66606457918
15	0
16	0
17	0
18	0
19	3.74726912388
20	3.71183516971
eChromo: 955.723649397

Task set: Num Tasks 300 | Util 35 | Pop Size 200

Utilization 35.0
HMWG algorithm
The number of CPU's used is 10
1	0
2	0
3	0
4	0
5	0
6	3.28763802402
7	3.07435169842
8	3.1027408304
9	3.95879299566
10	3.50607328758
11	0
12	0
13	3.77293902978
14	3.75930946195
15	3.74943757592
16	0
17	0
18	0
19	3.01308825424
20	3.77562884204
eChromo: 956.610016941

HBaBG algorithm
The number of CPU's used is 10
1	0
2	0
3	3.75447361973
4	0
5	0
6	3.28696292386
7	3.00574838977
8	3.9892176831
9	3.54131816047
10	3.59717142507
11	0
12	0
13	3.76959510183
14	3.75495319781
15	0
16	0
17	0
18	0
19	3.50787509279
20	2.79268440555
eChromo: 954.566499118

