Start scheduler

Task set: Num Tasks 150 | Util 20 | Pop Size 200

Utilization 20.0
HMWG algorithm
The number of CPU's used is 6
1	0
2	0
3	0
4	0
5	0
6	2.83893941676
7	2.87943482958
8	3.94730515644
9	3.32575529731
10	0
11	0
12	0
13	0
14	0
15	0
16	0
17	0
18	0
19	3.75656379233
20	3.25200150759
eChromo: 1283.31158402

HBaBG algorithm
The number of CPU's used is 6
1	0
2	0
3	0
4	0
5	0
6	2.98638128177
7	3.10925892261
8	3.32902606711
9	3.06776329656
10	0
11	0
12	0
13	0
14	0
15	0
16	0
17	0
18	0
19	3.73863021377
20	3.76894021819
eChromo: 1283.88465434

Task set: Num Tasks 200 | Util 20 | Pop Size 200

Utilization 20.0
HMWG algorithm
The number of CPU's used is 6
1	0
2	0
3	0
4	0
5	0
6	2.85554131177
7	3.24516330712
8	3.97295609787
9	3.33066185325
10	0
11	0
12	0
13	0
14	0
15	0
16	0
17	0
18	0
19	3.09355669821
20	3.50212073179
eChromo: 1283.35353486

HBaBG algorithm
The number of CPU's used is 6
1	0
2	0
3	0
4	0
5	0
6	2.85332575297
7	3.07195888025
8	3.31074799561
9	3.99205991709
10	0
11	0
12	0
13	0
14	0
15	0
16	0
17	0
18	0
19	3.32174463269
20	3.45016282139
eChromo: 1283.69406329

Task set: Num Tasks 300 | Util 20 | Pop Size 200

Utilization 20.0
HMWG algorithm
The number of CPU's used is 6
1	0
2	0
3	0
4	0
5	0
6	3.0365917448
7	3.07488655934
8	3.72920138452
9	3.75022843602
10	0
11	0
12	0
13	0
14	0
15	0
16	0
17	0
18	0
19	3.29831370489
20	3.11077817044
eChromo: 1284.21145584

HBaBG algorithm
The number of CPU's used is 6
1	0
2	0
3	0
4	0
5	0
6	2.85347656789
7	3.32210645633
8	3.7619600119
9	3.43888848263
10	0
11	0
12	0
13	0
14	0
15	0
16	0
17	0
18	0
19	3.10692514331
20	3.51664333793
eChromo: 1284.07976631

Task set: Num Tasks 150 | Util 35 | Pop Size 200

Utilization 35.0
HMWG algorithm
The number of CPU's used is 10
1	0
2	0
3	0
4	0
5	0
6	3.31502646743
7	2.81956662968
8	3.73630276794
9	3.97930596071
10	3.71194197261
11	0
12	0
13	3.092558751
14	3.76066120858
15	3.06938800834
16	0
17	0
18	0
19	3.76790144295
20	3.74734679076
eChromo: 954.858443896

HBaBG algorithm
The number of CPU's used is 10
1	0
2	0
3	3.20028412306
4	0
5	0
6	3.41960487474
7	2.90435883908
8	3.73090882099
9	3.70574145063
10	3.49916797487
11	0
12	0
13	3.74527405639
14	3.75704998524
15	0
16	0
17	0
18	0
19	3.28537013416
20	3.75223974084
eChromo: 953.064060859

Task set: Num Tasks 200 | Util 35 | Pop Size 200

Utilization 35.0
HMWG algorithm
The number of CPU's used is 10
1	0
2	0
3	0
4	0
5	0
6	3.27287611211
7	3.98021830959
8	3.32904086862
9	3.31292997707
10	3.46796653172
11	0
12	0
13	3.06684511036
14	3.73185724964
15	3.74358289977
16	0
17	0
18	0
19	3.33220758134
20	3.76247535977
eChromo: 953.475310529

HBaBG algorithm
The number of CPU's used is 10
1	0
2	0
3	3.75025229787
4	0
5	0
6	2.65318493871
7	3.15784551389
8	3.74920378255
9	3.52257715924
10	3.49834334607
11	0
12	0
13	3.70896541721
14	3.65270624526
15	0
16	0
17	0
18	0
19	3.76569707784
20	3.54122422135
eChromo: 955.437867443

Task set: Num Tasks 300 | Util 35 | Pop Size 200

Utilization 35.0
HMWG algorithm
The number of CPU's used is 10
1	0
2	0
3	0
4	0
5	0
6	3.24591881857
7	3.97348528293
8	3.32727316856
9	3.54334578982
10	2.7781146733
11	0
12	0
13	3.77593185154
14	3.52670737119
15	3.76135931546
16	0
17	0
18	0
19	3.5174727041
20	3.55039102454
eChromo: 953.548399888

HBaBG algorithm
The number of CPU's used is 10
1	0
2	0
3	3.73922971797
4	0
5	0
6	2.93163639973
7	3.27890063818
8	3.75812738336
9	3.27717911298
10	3.5139954352
11	0
12	0
13	3.76074253183
14	3.19546527602
15	0
16	0
17	0
18	0
19	3.77704677229
20	3.76767673244
eChromo: 955.65783235

