Start scheduler

Task set: Num Tasks 150 | Util 20 | Pop Size 200

Utilization 20.0
HMWG algorithm
The number of CPU's used is 6
1	0
2	0
3	0
4	0
5	0
6	3.5480205681
7	2.88791059984
8	2.84066344792
9	3.54925668976
10	0
11	0
12	0
13	0
14	0
15	0
16	0
17	0
18	0
19	3.66546636548
20	3.50868232891
eChromo: 1282.53460005

HBaBG algorithm
The number of CPU's used is 6
1	0
2	0
3	0
4	0
5	0
6	3.2893761212
7	3.55104870635
8	3.53958116482
9	3.54083502898
10	0
11	0
12	0
13	0
14	0
15	0
16	0
17	0
18	0
19	3.07650643308
20	3.00265254556
eChromo: 1283.37918896

Task set: Num Tasks 200 | Util 20 | Pop Size 200

Utilization 20.0
HMWG algorithm
The number of CPU's used is 6
1	0
2	0
3	0
4	0
5	0
6	3.74931510871
7	3.08904534118
8	3.53975209519
9	2.88276694237
10	0
11	0
12	0
13	0
14	0
15	0
16	0
17	0
18	0
19	3.7405948475
20	2.99852566505
eChromo: 1281.71012915

HBaBG algorithm
The number of CPU's used is 6
1	0
2	0
3	0
4	0
5	0
6	3.55404498324
7	2.97701687302
8	3.29458305692
9	3.53325330572
10	0
11	0
12	0
13	0
14	0
15	0
16	0
17	0
18	0
19	3.55519790275
20	3.08590387835
eChromo: 1284.17470305

Task set: Num Tasks 300 | Util 20 | Pop Size 200

Utilization 20.0
HMWG algorithm
The number of CPU's used is 6
1	0
2	0
3	0
4	0
5	0
6	3.08718762748
7	2.87820783349
8	3.4174654558
9	3.32197750473
10	0
11	0
12	0
13	0
14	0
15	0
16	0
17	0
18	0
19	3.754411782
20	3.54074979649
eChromo: 1284.51569995

HBaBG algorithm
The number of CPU's used is 6
1	0
2	0
3	0
4	0
5	0
6	3.09888803826
7	3.06647893393
8	3.75689390977
9	3.04378726337
10	0
11	0
12	0
13	0
14	0
15	0
16	0
17	0
18	0
19	3.51893873545
20	3.51501311921
eChromo: 1284.55121442

Task set: Num Tasks 150 | Util 35 | Pop Size 200

Utilization 35.0
HMWG algorithm
The number of CPU's used is 10
1	0
2	0
3	0
4	0
5	0
6	3.05001564265
7	2.81743905703
8	3.96925759926
9	3.54668101251
10	3.66160508064
11	0
12	0
13	3.76517419775
14	3.74189835403
15	3.75278882505
16	0
17	0
18	0
19	3.17956632096
20	3.51557391012
eChromo: 954.050868216

HBaBG algorithm
The number of CPU's used is 10
1	0
2	0
3	3.23712813045
4	0
5	0
6	3.25106965302
7	3.7737718583
8	3.98295244503
9	3.00355002832
10	2.86608300578
11	0
12	0
13	3.64731764933
14	3.77277773591
15	0
16	0
17	0
18	0
19	3.74236029352
20	3.72298920035
eChromo: 952.376998347

Task set: Num Tasks 200 | Util 35 | Pop Size 200

Utilization 35.0
HMWG algorithm
The number of CPU's used is 10
1	0
2	0
3	0
4	0
5	0
6	2.84731559561
7	2.98144192432
8	3.66318232091
9	3.8812235741
10	2.88539535429
11	0
12	0
13	3.77320239042
14	3.76949916563
15	3.76942628745
16	0
17	0
18	0
19	3.77439465535
20	3.65491873193
eChromo: 951.825121431

HBaBG algorithm
The number of CPU's used is 10
1	0
2	0
3	3.18988290477
4	0
5	0
6	2.60537839757
7	3.05375371451
8	3.97891395521
9	3.89605975714
10	3.68072315654
11	0
12	0
13	3.32592625691
14	3.76735111922
15	0
16	0
17	0
18	0
19	3.73945518066
20	3.76255555746
eChromo: 954.065492367

Task set: Num Tasks 300 | Util 35 | Pop Size 200

Utilization 35.0
HMWG algorithm
The number of CPU's used is 10
1	0
2	0
3	0
4	0
5	0
6	3.0989097494
7	3.08345911899
8	3.98799634665
9	2.86396682928
10	3.76090855861
11	0
12	0
13	3.21336312522
14	3.75905981089
15	3.70725252177
16	0
17	0
18	0
19	3.75915533713
20	3.76592860207
eChromo: 955.81684856

HBaBG algorithm
The number of CPU's used is 10
1	0
2	0
3	2.83565697509
4	0
5	0
6	2.87659959193
7	3.01722114654
8	3.95385261844
9	3.98645574593
10	3.7535646015
11	0
12	0
13	3.77322838833
14	3.64743293696
15	0
16	0
17	0
18	0
19	3.73655291061
20	3.41943508467
eChromo: 954.550923712

