Start scheduler

Task set: Num Tasks 150 | Util 20 | Pop Size 200

Utilization 20.0
HMWG algorithm
The number of CPU's used is 6
1	0
2	0
3	0
4	0
5	0
6	3.53705403183
7	3.31972438957
8	3.2792810702
9	3.50677521256
10	0
11	0
12	0
13	0
14	0
15	0
16	0
17	0
18	0
19	2.81632573982
20	3.54083955602
eChromo: 1283.11089335

HBaBG algorithm
The number of CPU's used is 6
1	0
2	0
3	0
4	0
5	0
6	2.84823352354
7	3.28909762821
8	3.24331989498
9	3.98413144102
10	0
11	0
12	0
13	0
14	0
15	0
16	0
17	0
18	0
19	3.52781491851
20	3.10740259374
eChromo: 1283.13475168

Task set: Num Tasks 200 | Util 20 | Pop Size 200

Utilization 20.0
HMWG algorithm
The number of CPU's used is 6
1	0
2	0
3	0
4	0
5	0
6	3.47640913678
7	3.32104211415
8	3.31451492092
9	3.04796891963
10	0
11	0
12	0
13	0
14	0
15	0
16	0
17	0
18	0
19	3.52752506928
20	3.31253983925
eChromo: 1283.92346896

HBaBG algorithm
The number of CPU's used is 6
1	0
2	0
3	0
4	0
5	0
6	3.10120788178
7	3.07307467227
8	3.07890923727
9	3.95381726881
10	0
11	0
12	0
13	0
14	0
15	0
16	0
17	0
18	0
19	3.30076768036
20	3.49222325952
eChromo: 1283.45696151

Task set: Num Tasks 300 | Util 20 | Pop Size 200

Utilization 20.0
HMWG algorithm
The number of CPU's used is 6
1	0
2	0
3	0
4	0
5	0
6	3.10443678714
7	3.28838640828
8	3.53128701834
9	3.74094658469
10	0
11	0
12	0
13	0
14	0
15	0
16	0
17	0
18	0
19	3.05951257005
20	3.2754306315
eChromo: 1284.23707994

HBaBG algorithm
The number of CPU's used is 6
1	0
2	0
3	0
4	0
5	0
6	3.31131611315
7	2.88808355001
8	3.76076567431
9	3.23915529998
10	0
11	0
12	0
13	0
14	0
15	0
16	0
17	0
18	0
19	3.0428644672
20	3.75781489534
eChromo: 1283.73839752

Task set: Num Tasks 150 | Util 35 | Pop Size 200

Utilization 35.0
HMWG algorithm
The number of CPU's used is 10
1	0
2	0
3	0
4	0
5	0
6	3.52805400365
7	2.66548813267
8	3.95580814125
9	3.73913108025
10	3.72481489653
11	0
12	0
13	3.48948068357
14	3.77008433508
15	3.74570263401
16	0
17	0
18	0
19	3.2772607678
20	3.10417532518
eChromo: 955.740743606

HBaBG algorithm
The number of CPU's used is 10
1	0
2	0
3	3.76391409336
4	0
5	0
6	2.76953505342
7	3.2911851409
8	3.07379542476
9	3.95171326739
10	3.68268481344
11	0
12	0
13	3.70953945811
14	3.72426393017
15	0
16	0
17	0
18	0
19	3.33261055699
20	3.70075826146
eChromo: 954.155854456

Task set: Num Tasks 200 | Util 35 | Pop Size 200

Utilization 35.0
HMWG algorithm
The number of CPU's used is 10
1	0
2	0
3	0
4	0
5	0
6	2.87804100041
7	3.09003514432
8	3.31566677997
9	3.51363926165
10	3.77151534521
11	0
12	0
13	3.57397219176
14	3.71413715167
15	3.67697665751
16	0
17	0
18	0
19	3.70873542917
20	3.75728103832
eChromo: 954.143599268

HBaBG algorithm
The number of CPU's used is 10
1	0
2	0
3	3.09320798432
4	0
5	0
6	3.97976811898
7	3.10982838812
8	2.99248923759
9	3.12739765614
10	3.70864593147
11	0
12	0
13	3.73234913925
14	3.76748348665
15	0
16	0
17	0
18	0
19	3.77740080928
20	3.71142924819
eChromo: 953.260590591

Task set: Num Tasks 300 | Util 35 | Pop Size 200

Utilization 35.0
HMWG algorithm
The number of CPU's used is 10
1	0
2	0
3	0
4	0
5	0
6	3.32980063593
7	3.30537641
8	3.69129245316
9	3.28729749479
10	3.61913314346
11	0
12	0
13	3.55129950392
14	3.43528496308
15	3.7305271886
16	0
17	0
18	0
19	3.28243204023
20	3.76755616683
eChromo: 954.558936863

HBaBG algorithm
The number of CPU's used is 10
1	0
2	0
3	2.79920790042
4	0
5	0
6	3.27856739758
7	2.94577138874
8	3.73246087328
9	3.53522453644
10	3.77605505054
11	0
12	0
13	3.71055130762
14	3.76729922797
15	0
16	0
17	0
18	0
19	3.70078344847
20	3.75407886893
eChromo: 956.176600984

