Start scheduler

Task set: Num Tasks 150 | Util 20 | Pop Size 200

Utilization 20.0
HMWG algorithm
The number of CPU's used is 6
1	0
2	0
3	0
4	0
5	0
6	3.32025760485
7	3.54764210316
8	3.30553795746
9	3.02383163318
10	0
11	0
12	0
13	0
14	0
15	0
16	0
17	0
18	0
19	3.27423120053
20	3.52849950082
eChromo: 1283.62781403

HBaBG algorithm
The number of CPU's used is 6
1	0
2	0
3	0
4	0
5	0
6	2.86897294453
7	3.32519029843
8	3.95818435985
9	2.85906628993
10	0
11	0
12	0
13	0
14	0
15	0
16	0
17	0
18	0
19	3.6848731723
20	3.30371293496
eChromo: 1282.22572875

Task set: Num Tasks 200 | Util 20 | Pop Size 200

Utilization 20.0
HMWG algorithm
The number of CPU's used is 6
1	0
2	0
3	0
4	0
5	0
6	3.07693796703
7	3.07689643751
8	3.55053434187
9	3.5323786418
10	0
11	0
12	0
13	0
14	0
15	0
16	0
17	0
18	0
19	3.32892943044
20	3.43432318135
eChromo: 1285.22662743

HBaBG algorithm
The number of CPU's used is 6
1	0
2	0
3	0
4	0
5	0
6	2.8451130898
7	3.03863881938
8	3.30566603845
9	3.54141708908
10	0
11	0
12	0
13	0
14	0
15	0
16	0
17	0
18	0
19	3.75835735349
20	3.5108076098
eChromo: 1284.45959612

Task set: Num Tasks 300 | Util 20 | Pop Size 200

Utilization 20.0
HMWG algorithm
The number of CPU's used is 6
1	0
2	0
3	0
4	0
5	0
6	3.31513816127
7	3.0926209512
8	3.45716258651
9	3.52172248744
10	0
11	0
12	0
13	0
14	0
15	0
16	0
17	0
18	0
19	3.08785995161
20	3.52549586198
eChromo: 1284.71017613

HBaBG algorithm
The number of CPU's used is 6
1	0
2	0
3	0
4	0
5	0
6	3.31236190139
7	3.29284757476
8	3.10234813034
9	3.41381328573
10	0
11	0
12	0
13	0
14	0
15	0
16	0
17	0
18	0
19	3.54834822626
20	3.33028088152
eChromo: 1284.35644911

Task set: Num Tasks 150 | Util 35 | Pop Size 200

Utilization 35.0
HMWG algorithm
The number of CPU's used is 10
1	0
2	0
3	0
4	0
5	0
6	3.02747976496
7	3.20916829173
8	2.97045221719
9	3.5491329243
10	3.59301049176
11	0
12	0
13	3.73153038103
14	3.74908603616
15	3.72541717669
16	0
17	0
18	0
19	3.6910187349
20	3.75370398127
eChromo: 950.059212875

HBaBG algorithm
The number of CPU's used is 10
1	0
2	0
3	3.54063111902
4	0
5	0
6	3.28401802674
7	3.088914171
8	3.67273352198
9	3.91998331854
10	3.2834489123
11	0
12	0
13	3.76143670531
14	3.7088773746
15	0
16	0
17	0
18	0
19	3.51344449545
20	3.22651235507
eChromo: 956.401026554

Task set: Num Tasks 200 | Util 35 | Pop Size 200

Utilization 35.0
HMWG algorithm
The number of CPU's used is 10
1	0
2	0
3	0
4	0
5	0
6	2.62782797233
7	3.10479929206
8	3.39912492475
9	3.52074331701
10	3.59322588027
11	0
12	0
13	3.7738153977
14	3.75244179614
15	3.72493632433
16	0
17	0
18	0
19	3.72857265814
20	3.77451243726
eChromo: 953.70969197

HBaBG algorithm
The number of CPU's used is 10
1	0
2	0
3	3.24589300173
4	0
5	0
6	2.86406601922
7	2.96354535186
8	3.51173619074
9	3.98160624853
10	3.74390241343
11	0
12	0
13	3.77662867628
14	3.43672656456
15	0
16	0
17	0
18	0
19	3.71239879703
20	3.76349673663
eChromo: 955.902353399

Task set: Num Tasks 300 | Util 35 | Pop Size 200

Utilization 35.0
HMWG algorithm
The number of CPU's used is 10
1	0
2	0
3	0
4	0
5	0
6	2.63771792437
7	2.88248165941
8	3.528593807
9	3.99341546318
10	3.22992665715
11	0
12	0
13	3.75377898084
14	3.7320429862
15	3.69928262769
16	0
17	0
18	0
19	3.76638274141
20	3.77637715275
eChromo: 956.186744008

HBaBG algorithm
The number of CPU's used is 10
1	0
2	0
3	3.41641264607
4	0
5	0
6	2.87665956543
7	3.07447967401
8	3.50103755364
9	3.98457680082
10	3.69288050539
11	0
12	0
13	3.51976188084
14	3.63389927018
15	0
16	0
17	0
18	0
19	3.53361663637
20	3.76667546725
eChromo: 955.940044414

