Start scheduler

Task set: Num Tasks 100 | Util 20 | Pop Size 200

Utilization 20.0
MW Algorithm
The number of CPU's used is 6
1	3.31228355764
2	3.28245071943
3	3.33787488564
4	3.42045927387
5	3.36530700833
6	3.28162455509
7	0
8	0
9	0
10	0
11	0
12	0
13	0
14	0
15	0
16	0
17	0
18	0
19	0
20	0
 
HMWG algorithm
The number of CPU's used is 6
Allocation strategy
1	3.43791590255
2	3.16478386006
3	3.19460878343
4	3.29390733864
5	3.99441217394
6	2.91437194138
7	0
8	0
9	0
10	0
11	0
12	0
13	0
14	0
15	0
16	0
17	0
18	0
19	0
20	0
HMMWG algorithm
The number of CPU's used is 6
Allocation strategy
1	4.00098757196
2	3.14202857037
3	3.03852938785
4	3.03110075733
5	3.81184257039
6	0
7	0
8	0
9	0
10	0
11	0
12	0
13	0
14	0
15	0
16	2.9755111421
17	0
18	0
19	0
20	0
Task set: Num Tasks 150 | Util 20 | Pop Size 200

Utilization 20.0
MW Algorithm
The number of CPU's used is 6
1	3.29533992401
2	3.3944173991
3	3.27837017528
4	3.32174270686
5	3.31897402254
6	3.39115577221
7	0
8	0
9	0
10	0
11	0
12	0
13	0
14	0
15	0
16	0
17	0
18	0
19	0
20	0
 
HMWG algorithm
The number of CPU's used is 6
Allocation strategy
1	3.46739705897
2	3.59622218184
3	3.70570049532
4	3.00009957054
5	3.31277222459
6	2.91780846875
7	0
8	0
9	0
10	0
11	0
12	0
13	0
14	0
15	0
16	0
17	0
18	0
19	0
20	0
HMMWG algorithm
The number of CPU's used is 6
Allocation strategy
1	3.44138275738
2	3.19350522386
3	3.0259057658
4	3.54750280158
5	3.03039870565
6	0
7	0
8	0
9	0
10	0
11	3.76130474574
12	0
13	0
14	0
15	0
16	0
17	0
18	0
19	0
20	0
Task set: Num Tasks 200 | Util 20 | Pop Size 200

Utilization 20.0
MW Algorithm
The number of CPU's used is 6
1	3.37685610476
2	3.30984261459
3	3.28432836454
4	3.32750940763
5	3.3525337277
6	3.34892978078
7	0
8	0
9	0
10	0
11	0
12	0
13	0
14	0
15	0
16	0
17	0
18	0
19	0
20	0
 
HMWG algorithm
The number of CPU's used is 6
Allocation strategy
1	3.13420046057
2	3.2177147254
3	3.18716970606
4	3.03551021809
5	3.76642642268
6	3.6589784672
7	0
8	0
9	0
10	0
11	0
12	0
13	0
14	0
15	0
16	0
17	0
18	0
19	0
20	0
HMMWG algorithm
The number of CPU's used is 6
Allocation strategy
1	3.37685610476
2	3.62327993724
3	3.16477209055
4	0
5	3.26650302196
6	0
7	0
8	0
9	0
10	0
11	0
12	3.3525337277
13	0
14	0
15	0
16	0
17	0
18	0
19	3.21605511779
20	0
Task set: Num Tasks 300 | Util 20 | Pop Size 200

Utilization 20.0
MW Algorithm
The number of CPU's used is 6
1	3.3730378557
2	3.33230519198
3	3.30937677003
4	3.29619390852
5	3.38568055341
6	3.30340572035
7	0
8	0
9	0
10	0
11	0
12	0
13	0
14	0
15	0
16	0
17	0
18	0
19	0
20	0
 
HMWG algorithm
The number of CPU's used is 6
Allocation strategy
1	3.39062254501
2	3.33230519198
3	3.45119749602
4	3.21495241623
5	3.3075166304
6	3.30340572035
7	0
8	0
9	0
10	0
11	0
12	0
13	0
14	0
15	0
16	0
17	0
18	0
19	0
20	0
HMMWG algorithm
The number of CPU's used is 6
Allocation strategy
1	3.3730378557
2	3.33230519198
3	3.30937677003
4	0
5	3.29619390852
6	3.38568055341
7	0
8	0
9	0
10	0
11	3.30340572035
12	0
13	0
14	0
15	0
16	0
17	0
18	0
19	0
20	0
Task set: Num Tasks 100 | Util 35 | Pop Size 200

Utilization 35.0
MW Algorithm
The number of CPU's used is 10
1	3.53392681635
2	3.35463468572
3	3.46907774914
4	3.49953119589
5	3.69654519226
6	3.45863517802
7	3.48525526557
8	3.36837095417
9	3.40196319061
10	3.73205977228
11	0
12	0
13	0
14	0
15	0
16	0
17	0
18	0
19	0
20	0
 
HMWG algorithm
The number of CPU's used is 10
Allocation strategy
1	3.8970161097
2	3.50167422479
3	3.97391065028
4	3.76526305077
5	3.79769705775
6	3.09175145764
7	3.13021601734
8	3.0715377622
9	3.59325534198
10	3.17767832756
11	0
12	0
13	0
14	0
15	0
16	0
17	0
18	0
19	0
20	0
HMMWG algorithm
The number of CPU's used is 10
Allocation strategy
1	3.461087245
2	3.83842400533
3	3.90474378627
4	3.49953119589
5	3.69654519226
6	0
7	0
8	3.45863517802
9	0
10	3.21003065318
11	3.36837095417
12	3.40196319061
13	0
14	0
15	0
16	0
17	0
18	0
19	3.16066859928
20	0
Task set: Num Tasks 150 | Util 35 | Pop Size 200

Utilization 35.0
MW Algorithm
The number of CPU's used is 9
1	3.85892365415
2	3.79831956146
3	3.92267853264
4	3.88857359372
5	3.97800194359
6	3.94523706768
7	3.85118427665
8	3.86406833561
9	3.89301303448
10	0
11	0
12	0
13	0
14	0
15	0
16	0
17	0
18	0
19	0
20	0
 
HMWG algorithm
The number of CPU's used is 9
Allocation strategy
1	3.85892365415
2	3.94265964429
3	3.92900485571
4	3.88857359372
5	3.97800194359
6	3.94523706768
7	3.70051787075
8	3.86406833561
9	3.89301303448
10	0
11	0
12	0
13	0
14	0
15	0
16	0
17	0
18	0
19	0
20	0
HMMWG algorithm
The number of CPU's used is 10
Allocation strategy
1	3.36609574888
2	3.5748754938
3	3.79616433204
4	3.53493533346
5	3.30714720381
6	3.89473060059
7	3.0760137062
8	3.4724421511
9	3.72871007886
10	0
11	0
12	0
13	0
14	0
15	3.24888535125
16	0
17	0
18	0
19	0
20	0
Task set: Num Tasks 200 | Util 35 | Pop Size 200

Utilization 35.0
MW Algorithm
The number of CPU's used is 9
1	3.94115991561
2	3.81616464107
3	3.8393660232
4	3.80036962382
5	3.98778953986
6	3.90851521073
7	3.89617292234
8	3.95040536895
9	3.86005675443
10	0
11	0
12	0
13	0
14	0
15	0
16	0
17	0
18	0
19	0
20	0
 
HMWG algorithm
The number of CPU's used is 9
Allocation strategy
1	3.94115991561
2	3.99589865187
3	3.92282117087
4	3.67514182689
5	3.98778953986
6	3.65930219956
7	3.89617292234
8	3.95040536895
9	3.97130840405
10	0
11	0
12	0
13	0
14	0
15	0
16	0
17	0
18	0
19	0
20	0
HMMWG algorithm
The number of CPU's used is 10
Allocation strategy
1	3.38523830406
2	3.5432183782
3	3.55989885898
4	3.54904581669
5	3.72710443815
6	3.54071553051
7	0
8	3.48138173059
9	3.44393560374
10	3.50415405077
11	0
12	0
13	0
14	3.2653072883
15	0
16	0
17	0
18	0
19	0
20	0
Task set: Num Tasks 300 | Util 35 | Pop Size 200

Utilization 35.0
MW Algorithm
The number of CPU's used is 9
1	3.91426844524
2	3.90151563811
3	3.95856225597
4	3.9024452286
5	3.84499562556
6	3.93793627348
7	3.8398818291
8	3.86229772969
9	3.83809697425
10	0
11	0
12	0
13	0
14	0
15	0
16	0
17	0
18	0
19	0
20	0
 
HMWG algorithm
The number of CPU's used is 9
Allocation strategy
1	3.91426844524
2	3.90151563811
3	3.95856225597
4	3.9024452286
5	3.80353043661
6	3.93793627348
7	3.8398818291
8	3.90376291863
9	3.83809697425
10	0
11	0
12	0
13	0
14	0
15	0
16	0
17	0
18	0
19	0
20	0
HMMWG algorithm
The number of CPU's used is 9
Allocation strategy
1	4.02783740361
2	3.90151563811
3	3.95856225597
4	3.76694082964
5	3.84499562556
6	3.82436731511
7	0
8	3.97538622806
9	0
10	3.96761805388
11	0
12	0
13	0
14	3.73277665006
15	0
16	0
17	0
18	0
19	0
20	0
Task set: Num Tasks 100 | Util 45 | Pop Size 200

Utilization 45.0
MW Algorithm
The number of CPU's used is 12
1	3.72224710832
2	3.85250118137
3	3.92698245618
4	3.97332431845
5	3.98745230286
6	3.76023805504
7	3.54961247751
8	3.68884352105
9	3.9843609096
10	3.51555397459
11	3.54438483896
12	3.49449885607
13	0
14	0
15	0
16	0
17	0
18	0
19	0
20	0
 
HMWG algorithm
The number of CPU's used is 12
Allocation strategy
1	3.96297037652
2	3.96727292935
3	3.92698245618
4	3.97332431845
5	3.98745230286
6	3.53657618386
7	3.7732743487
8	3.51896010992
9	3.87340687122
10	3.51555397459
11	2.99191639701
12	3.97230973135
13	0
14	0
15	0
16	0
17	0
18	0
19	0
20	0
HMMWG algorithm
The number of CPU's used is 13
Allocation strategy
1	3.95452642045
2	3.93875373683
3	3.92182883063
4	3.46221658615
5	3.84461560828
6	3.12113795411
7	3.15149141701
8	2.84893494054
9	3.59259009835
10	3.52521607826
11	3.36938067087
12	3.37477194226
13	0
14	0
15	2.89453571627
16	0
17	0
18	0
19	0
20	0
Task set: Num Tasks 150 | Util 45 | Pop Size 200

Utilization 45.0
MW Algorithm
The number of CPU's used is 13
1	3.46177179331
2	3.47175597511
3	3.43285065253
4	3.42733246445
5	3.51903126917
6	3.28525217719
7	3.4888122061
8	3.82499778804
9	3.41290415423
10	3.29456641464
11	3.76440691079
12	3.30319516579
13	3.31312302867
14	0
15	0
16	0
17	0
18	0
19	0
20	0
 
HMWG algorithm
The number of CPU's used is 13
Allocation strategy
1	3.41191288504
2	3.62164942685
3	3.97600691399
4	3.46306707297
5	3.29461198026
6	2.99237755209
7	3.50342026644
8	3.46429445016
9	3.85268055122
10	3.10949445257
11	3.99366048595
12	3.08673324794
13	3.23009071452
14	0
15	0
16	0
17	0
18	0
19	0
20	0
HMMWG algorithm
The number of CPU's used is 13
Allocation strategy
1	3.97415656937
2	3.19059313326
3	3.98665883425
4	3.4710911614
5	3.25433125102
6	3.66256022171
7	3.47412613274
8	3.46220786447
9	3.53418393124
10	0
11	2.77832331384
12	0
13	0
14	3.76440691079
15	2.94367111268
16	3.50368956323
17	0
18	0
19	0
20	0
Task set: Num Tasks 200 | Util 45 | Pop Size 200

Utilization 45.0
MW Algorithm
The number of CPU's used is 12
1	3.90111415859
2	3.72955921727
3	3.7261354528
4	3.73900420795
5	3.71065413887
6	3.64414120327
7	3.72224176049
8	3.91498225562
9	3.6800093702
10	3.69504020754
11	3.77235375825
12	3.76476426915
13	0
14	0
15	0
16	0
17	0
18	0
19	0
20	0
 
HMWG algorithm
The number of CPU's used is 12
Allocation strategy
1	3.90111415859
2	3.98054483165
3	3.91748728809
4	3.29146721365
5	3.96929970467
6	3.64414120327
7	3.72224176049
8	3.98114616089
9	3.6800093702
10	3.53399441943
11	3.77235375825
12	3.60620013082
13	0
14	0
15	0
16	0
17	0
18	0
19	0
20	0
HMMWG algorithm
The number of CPU's used is 13
Allocation strategy
1	3.33781700523
2	3.95517234197
3	3.97325669047
4	3.51397225562
5	3.76569937557
6	3.09575584195
7	0
8	3.36575817736
9	2.97218377434
10	3.45188092114
11	0
12	3.36892728061
13	3.17379148652
14	0
15	0
16	0
17	3.3799359252
18	0
19	3.64584892404
20	0
Task set: Num Tasks 300 | Util 45 | Pop Size 200

Utilization 45.0
MW Algorithm
The number of CPU's used is 12
1	3.78555383199
2	3.74138942824
3	3.78580852102
4	3.71265288016
5	3.70408352281
6	3.76088208775
7	3.77903316339
8	3.83222426278
9	3.80103837141
10	3.73122437636
11	3.68118437092
12	3.68492518316
13	0
14	0
15	0
16	0
17	0
18	0
19	0
20	0
 
HMWG algorithm
The number of CPU's used is 12
Allocation strategy
1	3.91202478618
2	3.84377303913
3	3.75476153664
4	3.44873582619
5	3.70955789234
6	3.76088208775
7	3.55194750791
8	3.83222426278
9	3.77771530886
10	3.99962125468
11	3.80015491136
12	3.60860158618
13	0
14	0
15	0
16	0
17	0
18	0
19	0
20	0
HMMWG algorithm
The number of CPU's used is 13
Allocation strategy
1	3.17659990074
2	3.55038092559
3	3.52139108523
4	3.74750560237
5	3.90257968688
6	3.62064012527
7	3.55307584333
8	3.4819475184
9	0
10	3.20347163501
11	2.98518961753
12	0
13	0
14	3.27244118416
15	0
16	0
17	0
18	3.61044245928
19	3.37433441622
20	0
