Start scheduler

Task set: Num Tasks 100 | Util 20 | Pop Size 200

Utilization 20.0
MW Algorithm
The number of CPU's used is 6
1	3.28351199535
2	3.59555394646
3	3.32760804194
4	3.26983600072
5	3.25952020275
6	3.26396981277
7	0
8	0
9	0
10	0
11	0
12	0
13	0
14	0
15	0
16	0
17	0
18	0
19	0
20	0
 
HMWG algorithm
The number of CPU's used is 6
Allocation strategy
1	3.46271392476
2	3.59555394646
3	3.16893982864
4	3.30738557302
5	3.28181561282
6	3.18359111429
7	0
8	0
9	0
10	0
11	0
12	0
13	0
14	0
15	0
16	0
17	0
18	0
19	0
20	0
HMMWG algorithm
The number of CPU's used is 6
Allocation strategy
1	3.12650247216
2	3.59555394646
3	3.17877118987
4	3.29432539131
5	0
6	0
7	0
8	3.45180923751
9	0
10	0
11	3.35303776269
12	0
13	0
14	0
15	0
16	0
17	0
18	0
19	0
20	0
Task set: Num Tasks 150 | Util 20 | Pop Size 200

Utilization 20.0
MW Algorithm
The number of CPU's used is 6
1	3.35282460451
2	3.42742043458
3	3.3354385421
4	3.31264019255
5	3.24375384216
6	3.32792238411
7	0
8	0
9	0
10	0
11	0
12	0
13	0
14	0
15	0
16	0
17	0
18	0
19	0
20	0
 
HMWG algorithm
The number of CPU's used is 6
Allocation strategy
1	3.35282460451
2	3.59457341729
3	3.16828555939
4	3.48483327203
5	3.24375384216
6	3.15572930463
7	0
8	0
9	0
10	0
11	0
12	0
13	0
14	0
15	0
16	0
17	0
18	0
19	0
20	0
HMMWG algorithm
The number of CPU's used is 6
Allocation strategy
1	3.11719912312
2	3.65291649098
3	0
4	3.27236557217
5	3.25835086954
6	0
7	0
8	3.05244040731
9	3.64672753689
10	0
11	0
12	0
13	0
14	0
15	0
16	0
17	0
18	0
19	0
20	0
Task set: Num Tasks 200 | Util 20 | Pop Size 200

Utilization 20.0
MW Algorithm
The number of CPU's used is 6
1	3.29985636448
2	3.35274222517
3	3.29515616062
4	3.31767417717
5	3.32829781648
6	3.40627325608
7	0
8	0
9	0
10	0
11	0
12	0
13	0
14	0
15	0
16	0
17	0
18	0
19	0
20	0
 
HMWG algorithm
The number of CPU's used is 6
Allocation strategy
1	3.44683903912
2	3.15950732733
3	3.19534218766
4	3.30381678659
5	3.25862535955
6	3.63586929975
7	0
8	0
9	0
10	0
11	0
12	0
13	0
14	0
15	0
16	0
17	0
18	0
19	0
20	0
HMMWG algorithm
The number of CPU's used is 6
Allocation strategy
1	3.45094595041
2	3.60990325068
3	3.02306994905
4	3.55659044297
5	0
6	0
7	0
8	2.84183944439
9	0
10	3.51765096251
11	0
12	0
13	0
14	0
15	0
16	0
17	0
18	0
19	0
20	0
Task set: Num Tasks 300 | Util 20 | Pop Size 200

Utilization 20.0
MW Algorithm
The number of CPU's used is 6
1	3.32278316305
2	3.34756405044
3	3.31723398533
4	3.35084166393
5	3.31077881793
6	3.35079831932
7	0
8	0
9	0
10	0
11	0
12	0
13	0
14	0
15	0
16	0
17	0
18	0
19	0
20	0
 
HMWG algorithm
The number of CPU's used is 6
Allocation strategy
1	3.33808559378
2	3.3452197538
3	3.31723398533
4	3.29653890693
5	3.29069563327
6	3.41222612689
7	0
8	0
9	0
10	0
11	0
12	0
13	0
14	0
15	0
16	0
17	0
18	0
19	0
20	0
HMMWG algorithm
The number of CPU's used is 6
Allocation strategy
1	3.32278316305
2	0
3	3.34756405044
4	3.25152037108
5	3.41655527818
6	0
7	0
8	3.31077881793
9	3.35079831932
10	0
11	0
12	0
13	0
14	0
15	0
16	0
17	0
18	0
19	0
20	0
Task set: Num Tasks 100 | Util 35 | Pop Size 200

Utilization 35.0
MW Algorithm
The number of CPU's used is 10
1	3.38288384929
2	3.45594332382
3	3.41099325368
4	3.80557038296
5	3.37662264598
6	3.76309809495
7	3.39357407466
8	3.5302035275
9	3.38009619958
10	3.50101464758
11	0
12	0
13	0
14	0
15	0
16	0
17	0
18	0
19	0
20	0
 
HMWG algorithm
The number of CPU's used is 10
Allocation strategy
1	3.31611163916
2	3.13258096579
3	3.75082162611
4	3.55088090468
5	3.84261089618
6	3.18320935681
7	3.53386594268
8	3.96987060811
9	3.52434701277
10	3.1957010477
11	0
12	0
13	0
14	0
15	0
16	0
17	0
18	0
19	0
20	0
HMMWG algorithm
The number of CPU's used is 11
Allocation strategy
1	3.38288384929
2	3.05839152884
3	3.16404123669
4	3.30496341578
5	3.80557038296
6	2.87667751729
7	3.76309809495
8	2.97649889612
9	0
10	2.90127331093
11	0
12	3.16660316809
13	0
14	0
15	0
16	0
17	0
18	0
19	0
20	2.59999859905
Task set: Num Tasks 150 | Util 35 | Pop Size 200

Utilization 35.0
MW Algorithm
The number of CPU's used is 9
1	3.92768777095
2	3.88440309555
3	3.98457948122
4	3.82065213732
5	3.82411757043
6	3.98623764033
7	3.83283896371
8	3.96710632514
9	3.77237701536
10	0
11	0
12	0
13	0
14	0
15	0
16	0
17	0
18	0
19	0
20	0
 
HMWG algorithm
The number of CPU's used is 9
Allocation strategy
1	3.92768777095
2	3.88440309555
3	3.98457948122
4	3.99474005329
5	3.82411757043
6	3.98623764033
7	3.5221858387
8	3.96710632514
9	3.90894222441
10	0
11	0
12	0
13	0
14	0
15	0
16	0
17	0
18	0
19	0
20	0
HMMWG algorithm
The number of CPU's used is 10
Allocation strategy
1	3.92293550466
2	3.97804086926
3	3.66742896229
4	3.54623436904
5	3.81790652458
6	3.18757785187
7	0
8	3.48169074095
9	3.59136510111
10	2.55245965978
11	0
12	0
13	0
14	0
15	0
16	3.25436041647
17	0
18	0
19	0
20	0
Task set: Num Tasks 200 | Util 35 | Pop Size 200

Utilization 35.0
MW Algorithm
The number of CPU's used is 9
1	3.87626313801
2	3.90286383983
3	3.87876343988
4	3.99078670442
5	3.83429610619
6	3.82637592455
7	3.84090641824
8	3.90634328988
9	3.94340113899
10	0
11	0
12	0
13	0
14	0
15	0
16	0
17	0
18	0
19	0
20	0
 
HMWG algorithm
The number of CPU's used is 9
Allocation strategy
1	3.87626313801
2	3.90286383983
3	3.99056879646
4	3.99078670442
5	3.83429610619
6	3.82637592455
7	3.72910106167
8	3.98433454721
9	3.86540988167
10	0
11	0
12	0
13	0
14	0
15	0
16	0
17	0
18	0
19	0
20	0
HMMWG algorithm
The number of CPU's used is 9
Allocation strategy
1	3.87626313801
2	3.90286383983
3	3.87876343988
4	3.99078670442
5	3.83429610619
6	0
7	0
8	3.82637592455
9	3.84090641824
10	0
11	0
12	0
13	0
14	3.90634328988
15	0
16	0
17	0
18	0
19	3.94340113899
20	0
Task set: Num Tasks 300 | Util 35 | Pop Size 200

Utilization 35.0
MW Algorithm
The number of CPU's used is 9
1	3.89963696278
2	3.84938532852
3	3.95232082754
4	3.85222126834
5	3.94919474445
6	3.82863645638
7	3.85289860735
8	3.90182720556
9	3.91387859906
10	0
11	0
12	0
13	0
14	0
15	0
16	0
17	0
18	0
19	0
20	0
 
HMWG algorithm
The number of CPU's used is 9
Allocation strategy
1	3.97933951931
2	3.84938532852
3	3.95232082754
4	3.77767893341
5	3.94919474445
6	3.98914095286
7	3.68723388929
8	3.90182720556
9	3.91387859906
10	0
11	0
12	0
13	0
14	0
15	0
16	0
17	0
18	0
19	0
20	0
HMMWG algorithm
The number of CPU's used is 10
Allocation strategy
1	3.33069267365
2	3.3421011854
3	3.70392096688
4	3.90457460454
5	0
6	3.76012421185
7	0
8	3.45124698315
9	3.53469032028
10	0
11	0
12	3.24008422913
13	3.47882350544
14	3.25374131967
15	0
16	0
17	0
18	0
19	0
20	0
Task set: Num Tasks 100 | Util 45 | Pop Size 200

Utilization 45.0
MW Algorithm
The number of CPU's used is 13
1	3.78206795348
2	3.68641394989
3	3.36805666615
4	3.62867028303
5	3.2643749828
6	3.42626642294
7	3.42655661021
8	3.26128471085
9	3.46365423831
10	3.55371986581
11	3.26269850296
12	3.28728135361
13	3.58895445997
14	0
15	0
16	0
17	0
18	0
19	0
20	0
 
HMWG algorithm
The number of CPU's used is 14
Allocation strategy
1	4.00920256067
2	3.97495059135
3	3.04348173719
4	3.53012650238
5	3.0372403756
6	3.17793653737
7	3.10276318044
8	3.0303518756
9	3.12689151253
10	3.20921213204
11	2.9991543758
12	3.11313209501
13	2.579453574
14	3.06610295001
15	0
16	0
17	0
18	0
19	0
20	0
HMMWG algorithm
The number of CPU's used is 13
Allocation strategy
1	4.01221396391
2	3.93416576878
3	3.77390230221
4	3.75400029124
5	3.2643749828
6	3.66739452403
7	3.14481949944
8	3.44964274073
9	3.1254302131
10	3.55371986581
11	2.85403451795
12	0
13	0
14	0
15	0
16	0
17	3.24988854033
18	0
19	3.21641278967
20	0
Task set: Num Tasks 150 | Util 45 | Pop Size 200

Utilization 45.0
MW Algorithm
The number of CPU's used is 12
1	3.61062855937
2	3.82528985398
3	3.87228088043
4	3.81620655919
5	3.73865568246
6	3.66122896969
7	3.6895281233
8	3.7745333383
9	3.95937623472
10	3.75716538019
11	3.60002620037
12	3.69508021799
13	0
14	0
15	0
16	0
17	0
18	0
19	0
20	0
 
HMWG algorithm
The number of CPU's used is 12
Allocation strategy
1	3.86465321157
2	3.77091377225
3	3.95790460455
4	3.77231556098
5	3.88403179554
6	3.16610570491
7	3.65902657976
8	3.96463454644
9	3.95937623472
10	3.23746270728
11	3.92008030283
12	3.84349497917
13	0
14	0
15	0
16	0
17	0
18	0
19	0
20	0
HMMWG algorithm
The number of CPU's used is 13
Allocation strategy
1	3.35657337442
2	3.61546192448
3	3.99746868496
4	3.76443852319
5	3.99172111698
6	0
7	0
8	3.5115393229
9	3.5695636474
10	3.51058650805
11	3.33422208245
12	2.98919250699
13	2.64302142786
14	0
15	0
16	3.25776388031
17	0
18	0
19	3.458447
20	0
Task set: Num Tasks 200 | Util 45 | Pop Size 200

Utilization 45.0
MW Algorithm
The number of CPU's used is 12
1	3.6822243948
2	3.7407188299
3	3.84714091326
4	3.68854844318
5	3.7955203161
6	3.72420202795
7	3.89993570601
8	3.6352791559
9	3.701601198
10	3.72711461003
11	3.65135236917
12	3.90636203569
13	0
14	0
15	0
16	0
17	0
18	0
19	0
20	0
 
HMWG algorithm
The number of CPU's used is 12
Allocation strategy
1	3.0631141531
2	3.97069419301
3	3.84714091326
4	3.77259521944
5	3.7955203161
6	3.97833775186
7	3.61208184712
8	3.87085716339
9	3.90540828063
10	3.49153660254
11	3.78635152385
12	3.90636203569
13	0
14	0
15	0
16	0
17	0
18	0
19	0
20	0
HMMWG algorithm
The number of CPU's used is 13
Allocation strategy
1	3.97132482838
2	3.55490044944
3	3.67518736479
4	3.26008142367
5	3.80724311293
6	2.90126185372
7	3.47257846842
8	3.48551774393
9	0
10	3.43324015676
11	0
12	3.62932702316
13	0
14	0
15	0
16	2.99169129676
17	0
18	3.22171614628
19	3.59593013175
20	0
Task set: Num Tasks 300 | Util 45 | Pop Size 200

Utilization 45.0
MW Algorithm
The number of CPU's used is 12
1	3.68736784534
2	3.69305593043
3	3.75320678478
4	3.78646064339
5	3.70888369575
6	3.76479703519
7	3.70467342087
8	3.68979335059
9	3.84618435441
10	3.71974359972
11	3.81914105897
12	3.82669228056
13	0
14	0
15	0
16	0
17	0
18	0
19	0
20	0
 
HMWG algorithm
The number of CPU's used is 12
Allocation strategy
1	3.82852876785
2	3.99473050875
3	3.93375057319
4	3.78646064339
5	3.70888369575
6	3.65646290807
7	3.51868835398
8	3.91720233706
9	3.99260321383
10	3.71974359972
11	3.74159049125
12	3.20135490716
13	0
14	0
15	0
16	0
17	0
18	0
19	0
20	0
HMMWG algorithm
The number of CPU's used is 13
Allocation strategy
1	3.42026568446
2	3.61497580544
3	3.60870796861
4	3.50946730012
5	3.7553158541
6	3.42549797792
7	3.15064285671
8	0
9	3.51958427576
10	3.47713275089
11	2.97574894479
12	3.39696369579
13	0
14	3.70667830296
15	0
16	0
17	0
18	0
19	3.43901858246
20	0
