Start scheduler

Task set: Num Tasks 100 | Util 20 | Pop Size 200

Utilization 20.0
MW Algorithm
The number of CPU's used is 6
1	3.42566985307
2	3.37439159967
3	3.3054795079
4	3.21377566652
5	3.40496845526
6	3.27571491757
7	0
8	0
9	0
10	0
11	0
12	0
13	0
14	0
15	0
16	0
17	0
18	0
19	0
20	0
 
HMWG algorithm
The number of CPU's used is 6
Allocation strategy
1	3.42566985307
2	3.64064408151
3	3.15621298004
4	3.29459646533
5	3.7918182524
6	2.69105836766
7	0
8	0
9	0
10	0
11	0
12	0
13	0
14	0
15	0
16	0
17	0
18	0
19	0
20	0
HMMWG algorithm
The number of CPU's used is 6
Allocation strategy
1	3.4323688976
2	0
3	3.64122363052
4	3.53834545658
5	3.29052011115
6	0
7	0
8	0
9	3.13363913754
10	0
11	2.96390276661
12	0
13	0
14	0
15	0
16	0
17	0
18	0
19	0
20	0
Task set: Num Tasks 150 | Util 20 | Pop Size 200

Utilization 20.0
MW Algorithm
The number of CPU's used is 6
1	3.3254004311
2	3.34007810611
3	3.32871286875
4	3.33583229322
5	3.38055211932
6	3.28942418151
7	0
8	0
9	0
10	0
11	0
12	0
13	0
14	0
15	0
16	0
17	0
18	0
19	0
20	0
 
HMWG algorithm
The number of CPU's used is 6
Allocation strategy
1	3.39705710098
2	3.19481163589
3	3.18236755403
4	3.30639390321
5	3.78906086707
6	3.13030893882
7	0
8	0
9	0
10	0
11	0
12	0
13	0
14	0
15	0
16	0
17	0
18	0
19	0
20	0
HMMWG algorithm
The number of CPU's used is 6
Allocation strategy
1	3.40023227324
2	3.61978047906
3	3.16416368944
4	3.28158918824
5	0
6	2.98360290969
7	3.55063146033
8	0
9	0
10	0
11	0
12	0
13	0
14	0
15	0
16	0
17	0
18	0
19	0
20	0
Task set: Num Tasks 200 | Util 20 | Pop Size 200

Utilization 20.0
MW Algorithm
The number of CPU's used is 6
1	3.3212117517
2	3.25074796535
3	3.39339561464
4	3.27556702015
5	3.41520086653
6	3.34387678164
7	0
8	0
9	0
10	0
11	0
12	0
13	0
14	0
15	0
16	0
17	0
18	0
19	0
20	0
 
HMWG algorithm
The number of CPU's used is 6
Allocation strategy
1	3.43498261597
2	3.1646326401
3	3.19589317241
4	3.2840153939
5	3.73738006209
6	3.18309611554
7	0
8	0
9	0
10	0
11	0
12	0
13	0
14	0
15	0
16	0
17	0
18	0
19	0
20	0
HMMWG algorithm
The number of CPU's used is 6
Allocation strategy
1	3.38682718653
2	3.18254631046
3	0
4	3.30665846288
5	3.27556702015
6	0
7	0
8	3.477367038
9	0
10	0
11	0
12	3.37103398199
13	0
14	0
15	0
16	0
17	0
18	0
19	0
20	0
Task set: Num Tasks 300 | Util 20 | Pop Size 200

Utilization 20.0
MW Algorithm
The number of CPU's used is 6
1	3.31900728372
2	3.3543512431
3	3.32503287299
4	3.31320454626
5	3.31410125106
6	3.37430280287
7	0
8	0
9	0
10	0
11	0
12	0
13	0
14	0
15	0
16	0
17	0
18	0
19	0
20	0
 
HMWG algorithm
The number of CPU's used is 6
Allocation strategy
1	3.31900728372
2	3.3543512431
3	3.32503287299
4	3.34190763176
5	3.29954216999
6	3.36015879844
7	0
8	0
9	0
10	0
11	0
12	0
13	0
14	0
15	0
16	0
17	0
18	0
19	0
20	0
HMMWG algorithm
The number of CPU's used is 6
Allocation strategy
1	3.31900728372
2	3.3543512431
3	3.32503287299
4	3.26194081054
5	0
6	3.31410125106
7	0
8	3.4255665386
9	0
10	0
11	0
12	0
13	0
14	0
15	0
16	0
17	0
18	0
19	0
20	0
Task set: Num Tasks 100 | Util 35 | Pop Size 200

Utilization 35.0
MW Algorithm
The number of CPU's used is 10
1	3.3399575104
2	3.55135720355
3	3.29402559667
4	3.4724589638
5	3.49704266352
6	3.73315501426
7	3.42525819398
8	3.67022484214
9	3.3170724758
10	3.69944753588
11	0
12	0
13	0
14	0
15	0
16	0
17	0
18	0
19	0
20	0
 
HMWG algorithm
The number of CPU's used is 10
Allocation strategy
1	4.01080793405
2	3.60830709215
3	3.79186852704
4	3.5257978129
5	3.84000348827
6	3.62436443063
7	3.09963279392
8	3.03043320977
9	3.5364529417
10	2.93233176959
11	0
12	0
13	0
14	0
15	0
16	0
17	0
18	0
19	0
20	0
HMMWG algorithm
The number of CPU's used is 10
Allocation strategy
1	3.3399575104
2	3.64829060634
3	3.81833858371
4	3.52601142764
5	3.78293268799
6	3.97253831608
7	0
8	3.42525819398
9	0
10	2.82957750398
11	3.3170724758
12	0
13	0
14	0
15	3.34002269408
16	0
17	0
18	0
19	0
20	0
Task set: Num Tasks 150 | Util 35 | Pop Size 200

Utilization 35.0
MW Algorithm
The number of CPU's used is 10
1	3.38050651079
2	3.5581314841
3	3.39959568957
4	3.50848279045
5	3.38418273462
6	3.6638295219
7	3.6387453747
8	3.49520302875
9	3.55752356855
10	3.41379929658
11	0
12	0
13	0
14	0
15	0
16	0
17	0
18	0
19	0
20	0
 
HMWG algorithm
The number of CPU's used is 10
Allocation strategy
1	3.46203423698
2	3.5581314841
3	3.90613599187
4	3.28289332031
5	3.89314290666
6	3.64357158561
7	2.84682948197
8	3.49520302875
9	3.65843036925
10	3.2536275945
11	0
12	0
13	0
14	0
15	0
16	0
17	0
18	0
19	0
20	0
HMMWG algorithm
The number of CPU's used is 10
Allocation strategy
1	3.36395993634
2	3.27134452556
3	3.64485703655
4	3.78109045345
5	3.04703607621
6	3.95945861667
7	0
8	3.40766332326
9	3.65839385119
10	0
11	0
12	0
13	0
14	0
15	0
16	0
17	0
18	3.65145644033
19	3.21473974044
20	0
Task set: Num Tasks 200 | Util 35 | Pop Size 200

Utilization 35.0
MW Algorithm
The number of CPU's used is 9
1	3.87939740991
2	3.97383892411
3	3.88270404143
4	3.93416664907
5	3.88875540637
6	3.85624849878
7	3.84203048126
8	3.88961330395
9	3.85324528512
10	0
11	0
12	0
13	0
14	0
15	0
16	0
17	0
18	0
19	0
20	0
 
HMWG algorithm
The number of CPU's used is 9
Allocation strategy
1	3.96593853526
2	3.97383892411
3	3.88270404143
4	3.99771237789
5	3.68345369822
6	3.78444682165
7	3.84203048126
8	3.88961330395
9	3.98026181622
10	0
11	0
12	0
13	0
14	0
15	0
16	0
17	0
18	0
19	0
20	0
HMMWG algorithm
The number of CPU's used is 10
Allocation strategy
1	3.46086614976
2	3.60237931416
3	3.17067613234
4	3.25969115316
5	3.96547864052
6	0
7	0
8	3.51013537983
9	3.80257503784
10	3.52819094815
11	0
12	0
13	0
14	0
15	0
16	3.29525889559
17	0
18	0
19	3.40474834863
20	0
Task set: Num Tasks 300 | Util 35 | Pop Size 200

Utilization 35.0
MW Algorithm
The number of CPU's used is 9
1	3.87067940055
2	3.94859995344
3	3.86578705746
4	3.87104754639
5	3.95411982105
6	3.81956179751
7	3.89682500522
8	3.84115606911
9	3.93222334927
10	0
11	0
12	0
13	0
14	0
15	0
16	0
17	0
18	0
19	0
20	0
 
HMWG algorithm
The number of CPU's used is 9
Allocation strategy
1	3.87067940055
2	3.94859995344
3	3.86578705746
4	3.87104754639
5	3.95411982105
6	3.81956179751
7	3.89682500522
8	3.84115606911
9	3.93222334927
10	0
11	0
12	0
13	0
14	0
15	0
16	0
17	0
18	0
19	0
20	0
HMMWG algorithm
The number of CPU's used is 10
Allocation strategy
1	3.46481910475
2	3.14012231617
3	3.68872032493
4	3.44090171919
5	0
6	3.7369142556
7	3.74321028828
8	0
9	3.6019482515
10	3.48557276335
11	0
12	3.20873255449
13	0
14	0
15	0
16	0
17	0
18	0
19	3.48905842173
20	0
Task set: Num Tasks 100 | Util 45 | Pop Size 200

Utilization 45.0
MW Algorithm
The number of CPU's used is 13
1	3.50328399178
2	3.63989899841
3	3.50545511355
4	3.25955693737
5	3.63095765433
6	3.65415656018
7	3.2990616232
8	3.57647071072
9	3.1561026851
10	3.7524224746
11	3.37830429035
12	3.35361399093
13	3.29071496946
14	0
15	0
16	0
17	0
18	0
19	0
20	0
 
HMWG algorithm
The number of CPU's used is 13
Allocation strategy
1	3.83903284315
2	3.63989899841
3	3.15064868001
4	3.76999892924
5	3.85194806178
6	3.65415656018
7	3.05516724115
8	3.8965890051
9	3.68139287995
10	2.91607839729
11	2.92170854483
12	3.40429059305
13	3.21908926585
14	0
15	0
16	0
17	0
18	0
19	0
20	0
HMMWG algorithm
The number of CPU's used is 13
Allocation strategy
1	4.02228054205
2	3.63989899841
3	3.91923465632
4	3.52180273839
5	3.73219090221
6	0
7	3.61158782002
8	3.0578996652
9	3.56815697506
10	3.73303675062
11	2.98719364642
12	3.02888521346
13	0
14	0
15	0
16	0
17	0
18	3.05752246947
19	3.12030962237
20	0
Task set: Num Tasks 150 | Util 45 | Pop Size 200

Utilization 45.0
MW Algorithm
The number of CPU's used is 12
1	3.66246860836
2	3.93069779273
3	3.85030934802
4	3.97020501993
5	3.61534063561
6	3.65989320942
7	3.74179250861
8	3.69944378593
9	3.62524641491
10	3.97079181611
11	3.60220722234
12	3.67160363803
13	0
14	0
15	0
16	0
17	0
18	0
19	0
20	0
 
HMWG algorithm
The number of CPU's used is 12
Allocation strategy
1	3.99021220784
2	3.93069779273
3	3.85030934802
4	3.55284768166
5	3.99128408564
6	3.65989320942
7	3.74179250861
8	3.39016215312
9	3.66666030315
10	3.64304821663
11	3.91148885515
12	3.67160363803
13	0
14	0
15	0
16	0
17	0
18	0
19	0
20	0
HMMWG algorithm
The number of CPU's used is 12
Allocation strategy
1	3.92352663634
2	3.93069779273
3	3.85030934802
4	3.97020501993
5	3.83252311339
6	3.65989320942
7	3.74179250861
8	3.43838575796
9	3.45925803301
10	0
11	0
12	3.64708281109
13	0
14	3.60220722234
15	0
16	0
17	0
18	3.94411854717
19	0
20	0
Task set: Num Tasks 200 | Util 45 | Pop Size 200

Utilization 45.0
MW Algorithm
The number of CPU's used is 12
1	3.68536988342
2	3.68659946329
3	3.62550319774
4	3.80592508784
5	3.77235626555
6	3.67917611075
7	3.76486534713
8	3.77592093037
9	3.79259575815
10	3.95336025151
11	3.79713348694
12	3.66119421732
13	0
14	0
15	0
16	0
17	0
18	0
19	0
20	0
 
HMWG algorithm
The number of CPU's used is 12
Allocation strategy
1	3.46067133705
2	3.93199481902
3	3.76515024475
4	3.80592508784
5	3.77235626555
6	3.67917611075
7	3.60003927767
8	3.77592093037
9	3.81777478059
10	3.70796489578
11	3.79713348694
12	3.88589276368
13	0
14	0
15	0
16	0
17	0
18	0
19	0
20	0
HMMWG algorithm
The number of CPU's used is 12
Allocation strategy
1	3.92023565165
2	3.128321117
3	3.94782173853
4	3.52474134375
5	3.92511939952
6	3.9614538921
7	3.60062192818
8	0
9	3.6231577964
10	0
11	3.95683917709
12	0
13	3.95336025151
14	3.79713348694
15	0
16	3.66119421732
17	0
18	0
19	0
20	0
Task set: Num Tasks 300 | Util 45 | Pop Size 200

Utilization 45.0
MW Algorithm
The number of CPU's used is 12
1	3.69482945798
2	3.71720905315
3	3.78852420721
4	3.67376233174
5	3.82354667259
6	3.70935525094
7	3.74014182239
8	3.75670446811
9	3.7738415092
10	3.74851520165
11	3.77835362905
12	3.79521639599
13	0
14	0
15	0
16	0
17	0
18	0
19	0
20	0
 
HMWG algorithm
The number of CPU's used is 12
Allocation strategy
1	3.44775854644
2	3.56924035155
3	3.75765660314
4	3.91925911734
5	3.96385851545
6	3.70935525094
7	3.74014182239
8	3.96025160456
9	3.82259944772
10	3.45511166809
11	3.69429016437
12	3.96047690802
13	0
14	0
15	0
16	0
17	0
18	0
19	0
20	0
HMMWG algorithm
The number of CPU's used is 12
Allocation strategy
1	3.98217931176
2	3.63815250476
3	3.78852420721
4	3.67376233174
5	3.68416712864
6	3.89872472627
7	3.74014182239
8	3.84353744126
9	3.844435785
10	3.23524878873
11	3.75394250989
12	3.91718344236
13	0
14	0
15	0
16	0
17	0
18	0
19	0
20	0
