Start scheduler

Task set: Num Tasks 100 | Util 20 | Pop Size 200

Utilization 20.0
MW Algorithm
The number of CPU's used is 6
1	3.43927367521
2	3.27675396471
3	3.34929818052
4	3.22648520717
5	3.3193805458
6	3.3888084266
7	0
8	0
9	0
10	0
11	0
12	0
13	0
14	0
15	0
16	0
17	0
18	0
19	0
20	0
 
HMWG algorithm
The number of CPU's used is 6
Allocation strategy
1	3.43927367521
2	3.61099397232
3	3.68366954241
4	3.30530510863
5	3.3089250786
6	2.65183262281
7	0
8	0
9	0
10	0
11	0
12	0
13	0
14	0
15	0
16	0
17	0
18	0
19	0
20	0
HMMWG algorithm
The number of CPU's used is 6
Allocation strategy
1	3.43927367521
2	3.21949313182
3	3.70074286717
4	0
5	3.02719009444
6	0
7	0
8	3.49752056019
9	3.11577967117
10	0
11	0
12	0
13	0
14	0
15	0
16	0
17	0
18	0
19	0
20	0
Task set: Num Tasks 150 | Util 20 | Pop Size 200

Utilization 20.0
MW Algorithm
The number of CPU's used is 6
1	3.33287715301
2	3.28073429998
3	3.35431197043
4	3.41355527559
5	3.34766103828
6	3.27086026272
7	0
8	0
9	0
10	0
11	0
12	0
13	0
14	0
15	0
16	0
17	0
18	0
19	0
20	0
 
HMWG algorithm
The number of CPU's used is 6
Allocation strategy
1	3.46634933932
2	2.93233200183
3	3.83444772191
4	3.30202825367
5	3.2715305076
6	3.19331217567
7	0
8	0
9	0
10	0
11	0
12	0
13	0
14	0
15	0
16	0
17	0
18	0
19	0
20	0
HMMWG algorithm
The number of CPU's used is 6
Allocation strategy
1	3.15567799698
2	3.57717063211
3	0
4	3.12903136625
5	3.28046537677
6	0
7	0
8	3.45370446635
9	0
10	0
11	0
12	3.40395016154
13	0
14	0
15	0
16	0
17	0
18	0
19	0
20	0
Task set: Num Tasks 200 | Util 20 | Pop Size 200

Utilization 20.0
MW Algorithm
The number of CPU's used is 6
1	3.3172204225
2	3.28392562233
3	3.3790160713
4	3.32245671596
5	3.40264411221
6	3.2947370557
7	0
8	0
9	0
10	0
11	0
12	0
13	0
14	0
15	0
16	0
17	0
18	0
19	0
20	0
 
HMWG algorithm
The number of CPU's used is 6
Allocation strategy
1	3.46504191871
2	3.20952580176
3	3.82738335933
4	3.26051224723
5	3.30166097982
6	2.93587569315
7	0
8	0
9	0
10	0
11	0
12	0
13	0
14	0
15	0
16	0
17	0
18	0
19	0
20	0
HMMWG algorithm
The number of CPU's used is 6
Allocation strategy
1	3.4266071857
2	3.62540847806
3	3.15885184211
4	3.28410638447
5	3.26164433886
6	0
7	0
8	0
9	0
10	0
11	0
12	0
13	3.2433817708
14	0
15	0
16	0
17	0
18	0
19	0
20	0
Task set: Num Tasks 300 | Util 20 | Pop Size 200

Utilization 20.0
MW Algorithm
The number of CPU's used is 6
1	3.30649200624
2	3.38717858098
3	3.34279482734
4	3.33356220798
5	3.30464305435
6	3.32532932311
7	0
8	0
9	0
10	0
11	0
12	0
13	0
14	0
15	0
16	0
17	0
18	0
19	0
20	0
 
HMWG algorithm
The number of CPU's used is 6
Allocation strategy
1	3.30649200624
2	3.38717858098
3	3.34279482734
4	3.2673500852
5	3.30464305435
6	3.39154144589
7	0
8	0
9	0
10	0
11	0
12	0
13	0
14	0
15	0
16	0
17	0
18	0
19	0
20	0
HMMWG algorithm
The number of CPU's used is 6
Allocation strategy
1	3.30649200624
2	3.38717858098
3	3.34279482734
4	3.2673500852
5	0
6	0
7	0
8	0
9	3.30464305435
10	0
11	0
12	3.39154144589
13	0
14	0
15	0
16	0
17	0
18	0
19	0
20	0
Task set: Num Tasks 100 | Util 35 | Pop Size 200

Utilization 35.0
MW Algorithm
The number of CPU's used is 10
1	3.59724614332
2	3.38127158046
3	3.33998679649
4	3.36652475341
5	3.62093171914
6	3.71534000399
7	3.66178945533
8	3.44315139805
9	3.55298935275
10	3.32076879705
11	0
12	0
13	0
14	0
15	0
16	0
17	0
18	0
19	0
20	0
 
HMWG algorithm
The number of CPU's used is 10
Allocation strategy
1	3.34739770517
2	3.1647907773
3	3.79600246196
4	3.51888581919
5	3.96125305705
6	3.73515137426
7	3.66178945533
8	3.42242393869
9	3.16754759369
10	3.22475781737
11	0
12	0
13	0
14	0
15	0
16	0
17	0
18	0
19	0
20	0
HMMWG algorithm
The number of CPU's used is 10
Allocation strategy
1	3.45141282277
2	3.98953376397
3	0
4	3.98707091392
5	3.05989041892
6	3.15814571331
7	3.71534000399
8	3.4235459652
9	3.97150636534
10	2.92278523552
11	3.32076879705
12	0
13	0
14	0
15	0
16	0
17	0
18	0
19	0
20	0
Task set: Num Tasks 150 | Util 35 | Pop Size 200

Utilization 35.0
MW Algorithm
The number of CPU's used is 10
1	3.49535703478
2	3.66332555943
3	3.53147698114
4	3.47349028499
5	3.45730354993
6	3.39885470416
7	3.57384628712
8	3.49231725113
9	3.52920680695
10	3.38482154037
11	0
12	0
13	0
14	0
15	0
16	0
17	0
18	0
19	0
20	0
 
HMWG algorithm
The number of CPU's used is 10
Allocation strategy
1	3.30183416598
2	3.89397777253
3	3.65128589478
4	3.25722395395
5	3.79932281241
6	3.61293797896
7	3.52958716568
8	3.49231725113
9	3.52920680695
10	2.93230619762
11	0
12	0
13	0
14	0
15	0
16	0
17	0
18	0
19	0
20	0
HMMWG algorithm
The number of CPU's used is 10
Allocation strategy
1	0
2	3.49535703478
3	3.66332555943
4	3.96543070594
5	3.28998044331
6	0
7	3.53749532113
8	3.84717380677
9	3.57384628712
10	3.16216293327
11	0
12	3.20347370043
13	0
14	0
15	0
16	0
17	0
18	3.26175420782
19	0
20	0
Task set: Num Tasks 200 | Util 35 | Pop Size 200

Utilization 35.0
MW Algorithm
The number of CPU's used is 9
1	3.98464780339
2	3.81104448552
3	3.90179402994
4	3.84098748776
5	3.93532895186
6	3.88061641409
7	3.80405647042
8	3.85748373912
9	3.98404061789
10	0
11	0
12	0
13	0
14	0
15	0
16	0
17	0
18	0
19	0
20	0
 
HMWG algorithm
The number of CPU's used is 9
Allocation strategy
1	3.98464780339
2	3.95239486186
3	3.90179402994
4	3.84098748776
5	3.93532895186
6	3.847590882
7	3.69573162617
8	3.85748373912
9	3.98404061789
10	0
11	0
12	0
13	0
14	0
15	0
16	0
17	0
18	0
19	0
20	0
HMMWG algorithm
The number of CPU's used is 10
Allocation strategy
1	3.46041872222
2	3.58783454395
3	3.4688030726
4	3.53740317528
5	3.81448185018
6	3.61603430455
7	2.93286544764
8	0
9	3.97572866116
10	3.41309066072
11	0
12	3.19333956171
13	0
14	0
15	0
16	0
17	0
18	0
19	0
20	0
Task set: Num Tasks 300 | Util 35 | Pop Size 200

Utilization 35.0
MW Algorithm
The number of CPU's used is 9
1	3.83034418159
2	3.91703397954
3	3.85590575137
4	3.89946788628
5	3.9651753919
6	3.90255326505
7	3.90197126337
8	3.9060779219
9	3.821470359
10	0
11	0
12	0
13	0
14	0
15	0
16	0
17	0
18	0
19	0
20	0
 
HMWG algorithm
The number of CPU's used is 9
Allocation strategy
1	3.96383949969
2	3.91703397954
3	3.85590575137
4	3.89946788628
5	3.9651753919
6	3.90255326505
7	3.76847594527
8	3.9060779219
9	3.821470359
10	0
11	0
12	0
13	0
14	0
15	0
16	0
17	0
18	0
19	0
20	0
HMMWG algorithm
The number of CPU's used is 10
Allocation strategy
1	3.39565077404
2	3.35653460003
3	3.6312567342
4	3.51114962903
5	3.76875308416
6	0
7	3.60255291425
8	3.46019553759
9	3.58227227087
10	0
11	0
12	0
13	3.52467965497
14	0
15	0
16	0
17	0
18	0
19	3.16695480086
20	0
Task set: Num Tasks 100 | Util 45 | Pop Size 200

Utilization 45.0
MW Algorithm
The number of CPU's used is 13
1	3.4132467005
2	3.51855383975
3	3.42769112429
4	3.59835565915
5	3.70319261627
6	3.54148690887
7	3.3171650419
8	3.68545629527
9	3.22008727347
10	3.25944825781
11	3.2955642172
12	3.58277275228
13	3.43697931325
14	0
15	0
16	0
17	0
18	0
19	0
20	0
 
HMWG algorithm
The number of CPU's used is 13
Allocation strategy
1	3.984301753
2	3.98381727286
3	3.79953382904
4	3.95198742525
5	3.98244669518
6	3.13721462456
7	2.82677804061
8	3.46950303572
9	3.6754855065
10	3.25944825781
11	2.69891744398
12	3.10885518146
13	3.12171093402
14	0
15	0
16	0
17	0
18	0
19	0
20	0
HMMWG algorithm
The number of CPU's used is 13
Allocation strategy
1	3.91754666928
2	3.94990124641
3	3.655511289
4	3.52930083492
5	3.97998592966
6	3.13396045148
7	3.59185757508
8	0
9	3.98201907235
10	3.22008727347
11	3.35233961438
12	0
13	0
14	0
15	0
16	0
17	2.8395994565
18	3.03706303086
19	2.81082755661
20	0
Task set: Num Tasks 150 | Util 45 | Pop Size 200

Utilization 45.0
MW Algorithm
The number of CPU's used is 12
1	3.63839323734
2	3.6168331341
3	3.74032978923
4	3.84518745235
5	3.72665147757
6	3.78592968173
7	3.69551723939
8	3.96470999614
9	3.91503531479
10	3.90710010478
11	3.56646051214
12	3.59785206045
13	0
14	0
15	0
16	0
17	0
18	0
19	0
20	0
 
HMWG algorithm
The number of CPU's used is 12
Allocation strategy
1	4.01041693457
2	3.6168331341
3	3.97028401287
4	3.67438262297
5	3.98199835282
6	3.96789313513
7	3.55395073503
8	3.96470999614
9	3.91503531479
10	3.38140205686
11	3.30077116611
12	3.66232253864
13	0
14	0
15	0
16	0
17	0
18	0
19	0
20	0
HMMWG algorithm
The number of CPU's used is 12
Allocation strategy
1	3.87735789024
2	3.94076559736
3	3.98199906319
4	3.97413109693
5	3.72665147757
6	3.82066992871
7	3.68359228087
8	3.96470999614
9	3.57086097978
10	0
11	3.58864080723
12	0
13	0
14	0
15	2.93945483736
16	0
17	0
18	3.93116604462
19	0
20	0
Task set: Num Tasks 200 | Util 45 | Pop Size 200

Utilization 45.0
MW Algorithm
The number of CPU's used is 12
1	3.75746867661
2	3.68135973579
3	3.7884746547
4	3.76386444172
5	3.68707558855
6	3.69494970782
7	3.91002123744
8	3.74240642919
9	3.73489696766
10	3.71780557248
11	3.78863235602
12	3.73304463203
13	0
14	0
15	0
16	0
17	0
18	0
19	0
20	0
 
HMWG algorithm
The number of CPU's used is 12
Allocation strategy
1	4.00587654647
2	3.65078190926
3	3.89490396389
4	3.76386444172
5	3.96972429197
6	3.49264639022
7	3.7495685174
8	3.90897580026
9	3.87491722654
10	3.42379532691
11	3.93482469487
12	3.33012089049
13	0
14	0
15	0
16	0
17	0
18	0
19	0
20	0
HMMWG algorithm
The number of CPU's used is 13
Allocation strategy
1	3.43944029835
2	3.94760557452
3	3.69830659821
4	3.2630016114
5	3.64427641323
6	0
7	3.06135829674
8	3.50133933038
9	3.44130301525
10	3.15296003526
11	3.76694971086
12	3.18465043781
13	3.1672510873
14	0
15	3.73155759069
16	0
17	0
18	0
19	0
20	0
Task set: Num Tasks 300 | Util 45 | Pop Size 200

Utilization 45.0
MW Algorithm
The number of CPU's used is 12
1	3.7918651676
2	3.71289075774
3	3.82360617806
4	3.68580976287
5	3.78887351253
6	3.6660283601
7	3.76442803791
8	3.75600543969
9	3.69543249998
10	3.78039942876
11	3.76088972302
12	3.77377113174
13	0
14	0
15	0
16	0
17	0
18	0
19	0
20	0
 
HMWG algorithm
The number of CPU's used is 12
Allocation strategy
1	4.00117659626
2	3.60517462339
3	3.90445383743
4	3.52795024994
5	3.92214751714
6	3.77374449445
7	3.76442803791
8	3.87602398052
9	3.890345023
10	3.61806536054
11	3.73849787092
12	3.37799240851
13	0
14	0
15	0
16	0
17	0
18	0
19	0
20	0
HMMWG algorithm
The number of CPU's used is 13
Allocation strategy
1	3.4143072535
2	3.17014598921
3	3.68581728714
4	3.51600641393
5	3.83803240793
6	0
7	3.64060991798
8	3.45292696264
9	3.59854334063
10	3.72098987084
11	0
12	3.20697197843
13	0
14	0
15	0
16	0
17	2.9671827708
18	3.64055581374
19	3.14790999324
20	0
