Start scheduler

Task set: Num Tasks 100 | Util 20 | Pop Size 200

Utilization 20.0
MW Algorithm
The number of CPU's used is 6
1	3.33031866566
2	3.48759344067
3	3.35729644036
4	3.20628672343
5	3.2105624137
6	3.40794231618
7	0
8	0
9	0
10	0
11	0
12	0
13	0
14	0
15	0
16	0
17	0
18	0
19	0
20	0
 
HMWG algorithm
The number of CPU's used is 6
Allocation strategy
1	3.45562835589
2	3.65030663979
3	3.18419380884
4	3.30189452267
5	3.29598329574
6	3.11199337707
7	0
8	0
9	0
10	0
11	0
12	0
13	0
14	0
15	0
16	0
17	0
18	0
19	0
20	0
HMMWG algorithm
The number of CPU's used is 6
Allocation strategy
1	3.45562835589
2	3.61209853395
3	3.70598309084
4	0
5	3.04336121947
6	2.98248580607
7	0
8	0
9	0
10	0
11	0
12	0
13	0
14	0
15	0
16	0
17	0
18	0
19	3.20044299377
20	0
Task set: Num Tasks 150 | Util 20 | Pop Size 200

Utilization 20.0
MW Algorithm
The number of CPU's used is 6
1	3.30841400207
2	3.41934335289
3	3.28895958813
4	3.25830048197
5	3.33773871132
6	3.38724386363
7	0
8	0
9	0
10	0
11	0
12	0
13	0
14	0
15	0
16	0
17	0
18	0
19	0
20	0
 
HMWG algorithm
The number of CPU's used is 6
Allocation strategy
1	3.47122185459
2	3.59123212864
3	3.19734251014
4	3.54474197076
5	3.27510488247
6	2.9203566534
7	0
8	0
9	0
10	0
11	0
12	0
13	0
14	0
15	0
16	0
17	0
18	0
19	0
20	0
HMMWG algorithm
The number of CPU's used is 6
Allocation strategy
1	3.45952339149
2	3.17073444913
3	3.18544512515
4	3.54345453987
5	3.69430859971
6	0
7	0
8	0
9	0
10	0
11	0
12	0
13	0
14	0
15	0
16	0
17	2.94653389466
18	0
19	0
20	0
Task set: Num Tasks 200 | Util 20 | Pop Size 200

Utilization 20.0
MW Algorithm
The number of CPU's used is 6
1	3.3057861149
2	3.38405678589
3	3.29698775314
4	3.2796977225
5	3.38732881752
6	3.34614280605
7	0
8	0
9	0
10	0
11	0
12	0
13	0
14	0
15	0
16	0
17	0
18	0
19	0
20	0
 
HMWG algorithm
The number of CPU's used is 6
Allocation strategy
1	3.4159178514
2	3.627780525
3	3.1919645384
4	3.04388252731
5	3.80497989369
6	2.9154746642
7	0
8	0
9	0
10	0
11	0
12	0
13	0
14	0
15	0
16	0
17	0
18	0
19	0
20	0
HMMWG algorithm
The number of CPU's used is 6
Allocation strategy
1	3.4478853001
2	3.59833629648
3	3.15713046842
4	3.2854469424
5	0
6	3.16505818655
7	0
8	0
9	0
10	0
11	0
12	0
13	0
14	0
15	3.34614280605
16	0
17	0
18	0
19	0
20	0
Task set: Num Tasks 300 | Util 20 | Pop Size 200

Utilization 20.0
MW Algorithm
The number of CPU's used is 6
1	3.34244004783
2	3.38756769442
3	3.33787147016
4	3.29347094208
5	3.33320113425
6	3.30544871125
7	0
8	0
9	0
10	0
11	0
12	0
13	0
14	0
15	0
16	0
17	0
18	0
19	0
20	0
 
HMWG algorithm
The number of CPU's used is 6
Allocation strategy
1	3.34244004783
2	3.44501920192
3	3.33787147016
4	3.29347094208
5	3.19621863637
6	3.38497970164
7	0
8	0
9	0
10	0
11	0
12	0
13	0
14	0
15	0
16	0
17	0
18	0
19	0
20	0
HMMWG algorithm
The number of CPU's used is 6
Allocation strategy
1	3.41309210132
2	3.43274244003
3	3.38273238531
4	3.29249582344
5	3.26352419941
6	0
7	0
8	0
9	0
10	0
11	0
12	0
13	0
14	0
15	0
16	0
17	3.21541305049
18	0
19	0
20	0
Task set: Num Tasks 100 | Util 35 | Pop Size 200

Utilization 35.0
MW Algorithm
The number of CPU's used is 10
1	3.48908788855
2	3.46535609858
3	3.46225389167
4	3.58188482176
5	3.48085581969
6	3.69707233408
7	3.37142643019
8	3.45473451735
9	3.45544287505
10	3.54188532308
11	0
12	0
13	0
14	0
15	0
16	0
17	0
18	0
19	0
20	0
 
HMWG algorithm
The number of CPU's used is 10
Allocation strategy
1	3.99416186573
2	3.90230511658
3	3.57073533437
4	3.99803810772
5	3.16806776657
6	2.9152344598
7	3.74795271181
8	2.99612024505
9	3.1654990693
10	3.54188532308
11	0
12	0
13	0
14	0
15	0
16	0
17	0
18	0
19	0
20	0
HMMWG algorithm
The number of CPU's used is 10
Allocation strategy
1	3.47141039626
2	3.53435789398
3	3.89214501078
4	3.54083866632
5	0
6	3.60028916572
7	2.85875886797
8	3.42503205873
9	3.67983974212
10	3.20401695701
11	3.79331124112
12	0
13	0
14	0
15	0
16	0
17	0
18	0
19	0
20	0
Task set: Num Tasks 150 | Util 35 | Pop Size 200

Utilization 35.0
MW Algorithm
The number of CPU's used is 9
1	3.88088729505
2	3.84085926364
3	3.81886459102
4	3.82986353659
5	3.89687208337
6	3.9930569333
7	3.8952503282
8	3.92044907764
9	3.92389689119
10	0
11	0
12	0
13	0
14	0
15	0
16	0
17	0
18	0
19	0
20	0
 
HMWG algorithm
The number of CPU's used is 9
Allocation strategy
1	3.88088729505
2	3.84085926364
3	3.81886459102
4	3.97793983695
5	3.95312400176
6	3.9930569333
7	3.69092210945
8	3.92044907764
9	3.92389689119
10	0
11	0
12	0
13	0
14	0
15	0
16	0
17	0
18	0
19	0
20	0
HMMWG algorithm
The number of CPU's used is 10
Allocation strategy
1	3.43367102959
2	3.55705901942
3	3.14314599353
4	0
5	3.84801110549
6	3.62638852524
7	3.53893469396
8	3.42625874186
9	3.51233448302
10	0
11	0
12	3.14925927226
13	0
14	3.76493713562
15	0
16	0
17	0
18	0
19	0
20	0
Task set: Num Tasks 200 | Util 35 | Pop Size 200

Utilization 35.0
MW Algorithm
The number of CPU's used is 10
1	3.64093561034
2	3.5314553656
3	3.51180415562
4	3.46779260223
5	3.46715136472
6	3.44908178229
7	3.46292653424
8	3.57242339218
9	3.45627351832
10	3.44015567447
11	0
12	0
13	0
14	0
15	0
16	0
17	0
18	0
19	0
20	0
 
HMWG algorithm
The number of CPU's used is 10
Allocation strategy
1	3.46426466626
2	3.62812732002
3	3.11909440429
4	3.78198345843
5	3.8423826365
6	3.13493420063
7	3.57381274749
8	3.41537090084
9	3.59987399107
10	3.44015567447
11	0
12	0
13	0
14	0
15	0
16	0
17	0
18	0
19	0
20	0
HMMWG algorithm
The number of CPU's used is 10
Allocation strategy
1	3.42923960637
2	3.5314553656
3	3.82552093676
4	3.28387247869
5	0
6	3.46715136472
7	3.55443960347
8	3.46292653424
9	3.57094908475
10	0
11	0
12	0
13	0
14	3.29005070319
15	0
16	0
17	0
18	0
19	3.58439432221
20	0
Task set: Num Tasks 300 | Util 35 | Pop Size 200

Utilization 35.0
MW Algorithm
The number of CPU's used is 9
1	3.83721793902
2	3.88566649762
3	3.9169071846
4	3.8464331887
5	3.84785198368
6	3.93202621714
7	3.9364368933
8	3.82459003304
9	3.97287006291
10	0
11	0
12	0
13	0
14	0
15	0
16	0
17	0
18	0
19	0
20	0
 
HMWG algorithm
The number of CPU's used is 9
Allocation strategy
1	3.95935338259
2	3.88566649762
3	3.67250009919
4	3.96219978706
5	3.84785198368
6	3.93202621714
7	3.9364368933
8	3.83109507652
9	3.97287006291
10	0
11	0
12	0
13	0
14	0
15	0
16	0
17	0
18	0
19	0
20	0
HMMWG algorithm
The number of CPU's used is 9
Allocation strategy
1	3.83721793902
2	3.88566649762
3	3.9169071846
4	3.94779755035
5	3.84785198368
6	3.83066185549
7	0
8	0
9	3.9364368933
10	0
11	0
12	3.82459003304
13	0
14	3.97287006291
15	0
16	0
17	0
18	0
19	0
20	0
Task set: Num Tasks 100 | Util 45 | Pop Size 200

Utilization 45.0
MW Algorithm
The number of CPU's used is 12
1	3.82125408216
2	3.82631508775
3	3.75266360374
4	3.54439179455
5	3.9899484319
6	3.83943718998
7	3.76425725521
8	3.99865436046
9	3.66742936217
10	3.50689866961
11	3.73038742058
12	3.55836274188
13	0
14	0
15	0
16	0
17	0
18	0
19	0
20	0
 
HMWG algorithm
The number of CPU's used is 12
Allocation strategy
1	3.43679469735
2	3.82631508775
3	3.92386242449
4	3.54439179455
5	3.9899484319
6	3.83943718998
7	3.59305843446
8	3.99865436046
9	3.66742936217
10	3.50689866961
11	3.73038742058
12	3.94282212669
13	0
14	0
15	0
16	0
17	0
18	0
19	0
20	0
HMMWG algorithm
The number of CPU's used is 13
Allocation strategy
1	3.99409836073
2	3.56835801749
3	3.99466313866
4	3.715537172
5	3.9899484319
6	3.83943718998
7	2.60875908258
8	2.90525302207
9	0
10	0
11	3.24575981
12	3.34862466929
13	0
14	0
15	0
16	2.84480059885
17	3.38639776456
18	3.55836274188
19	0
20	0
Task set: Num Tasks 150 | Util 45 | Pop Size 200

Utilization 45.0
MW Algorithm
The number of CPU's used is 12
1	3.95244500853
2	3.66200310366
3	3.774991444
4	3.71593118581
5	3.71356304603
6	3.63622215132
7	3.59980637993
8	3.91998786529
9	3.56460838168
10	3.7341335437
11	3.83273149843
12	3.89357639162
13	0
14	0
15	0
16	0
17	0
18	0
19	0
20	0
 
HMWG algorithm
The number of CPU's used is 12
Allocation strategy
1	3.95244500853
2	3.88750937116
3	3.5494851765
4	3.71593118581
5	3.99467425177
6	3.82146280957
7	3.59980637993
8	3.9939222517
9	3.56460838168
10	3.15455794145
11	3.87202085028
12	3.89357639162
13	0
14	0
15	0
16	0
17	0
18	0
19	0
20	0
HMMWG algorithm
The number of CPU's used is 13
Allocation strategy
1	3.456215061
2	2.95542968663
3	3.65202248914
4	3.30514040118
5	3.83274431822
6	2.99457929964
7	0
8	3.97919304328
9	3.64191600121
10	3.55593512057
11	0
12	3.66322681403
13	3.07859768246
14	0
15	0
16	3.53333873464
17	0
18	0
19	3.35166134799
20	0
Task set: Num Tasks 200 | Util 45 | Pop Size 200

Utilization 45.0
MW Algorithm
The number of CPU's used is 12
1	3.68383369095
2	3.69938099146
3	3.6890607734
4	3.87108603901
5	3.74116086653
6	3.69199802465
7	3.70849042814
8	3.65754604288
9	3.82546196045
10	3.72008575101
11	3.86334128791
12	3.8485541436
13	0
14	0
15	0
16	0
17	0
18	0
19	0
20	0
 
HMWG algorithm
The number of CPU's used is 12
Allocation strategy
1	3.96663041247
2	3.99193868031
3	3.92323163368
4	3.55481496638
5	3.74116086653
6	3.69199802465
7	3.70849042814
8	3.91217509483
9	3.82546196045
10	3.17922678227
11	3.87747170753
12	3.62739944276
13	0
14	0
15	0
16	0
17	0
18	0
19	0
20	0
HMMWG algorithm
The number of CPU's used is 13
Allocation strategy
1	3.85742488836
2	3.62473129582
3	3.14734267257
4	3.29104417262
5	3.69572434126
6	3.11400323378
7	3.49492678619
8	0
9	3.64630819214
10	3.22646902078
11	0
12	3.6524186144
13	0
14	0
15	0
16	3.65421208036
17	0
18	3.12572842975
19	3.46966627197
20	0
Task set: Num Tasks 300 | Util 45 | Pop Size 200

Utilization 45.0
MW Algorithm
The number of CPU's used is 12
1	3.71293040029
2	3.73811916761
3	3.72269490819
4	3.86131508895
5	3.69983030738
6	3.69615882305
7	3.69372071437
8	3.80393050989
9	3.78607076143
10	3.83290413092
11	3.76665006509
12	3.6856751228
13	0
14	0
15	0
16	0
17	0
18	0
19	0
20	0
 
HMWG algorithm
The number of CPU's used is 12
Allocation strategy
1	4.01174186883
2	3.9833417871
3	3.72269490819
4	3.96423291838
5	3.7290305064
6	3.66094646683
7	3.80805610876
8	3.90564306357
9	3.56417483667
10	3.95064843951
11	3.35694524229
12	3.34254385347
13	0
14	0
15	0
16	0
17	0
18	0
19	0
20	0
HMMWG algorithm
The number of CPU's used is 13
Allocation strategy
1	3.72122634101
2	3.07547315354
3	3.02710146412
4	3.53916567339
5	3.20042897392
6	3.58135566377
7	3.76134878465
8	3.36366397583
9	3.56664651711
10	0
11	3.37177537986
12	0
13	0
14	3.22819404142
15	0
16	3.67691192069
17	0
18	3.88670811069
19	0
20	0
