Start scheduler

Task set: Num Tasks 100 | Util 20 | Pop Size 200

Utilization 20.0
MW Algorithm
The number of CPU's used is 6
1	3.48109303986
2	3.27177727364
3	3.27125899469
4	3.27960374813
5	3.37486160739
6	3.32140533629
7	0
8	0
9	0
10	0
11	0
12	0
13	0
14	0
15	0
16	0
17	0
18	0
19	0
20	0
 
HMWG algorithm
The number of CPU's used is 6
Allocation strategy
1	3.3433834515
2	3.59351150258
3	3.70257805333
4	3.10496049135
5	3.25678644487
6	2.99878005637
7	0
8	0
9	0
10	0
11	0
12	0
13	0
14	0
15	0
16	0
17	0
18	0
19	0
20	0
HMMWG algorithm
The number of CPU's used is 6
Allocation strategy
1	3.3718952842
2	3.58651441794
3	0
4	3.53864163203
5	3.27960374813
6	0
7	0
8	0
9	3.14116057182
10	0
11	0
12	3.08218434587
13	0
14	0
15	0
16	0
17	0
18	0
19	0
20	0
Task set: Num Tasks 150 | Util 20 | Pop Size 200

Utilization 20.0
MW Algorithm
The number of CPU's used is 6
1	3.28549885619
2	3.32441313556
3	3.27313199805
4	3.30294998474
5	3.43789860837
6	3.37610741709
7	0
8	0
9	0
10	0
11	0
12	0
13	0
14	0
15	0
16	0
17	0
18	0
19	0
20	0
 
HMWG algorithm
The number of CPU's used is 6
Allocation strategy
1	3.4524221405
2	3.65072314869
3	3.18437963704
4	3.54361353925
5	3.28598741487
6	2.88287411966
7	0
8	0
9	0
10	0
11	0
12	0
13	0
14	0
15	0
16	0
17	0
18	0
19	0
20	0
HMMWG algorithm
The number of CPU's used is 6
Allocation strategy
1	3.45898861832
2	3.21431732159
3	0
4	3.22048327209
5	3.30294998474
6	0
7	3.12463002847
8	0
9	0
10	3.67863077479
11	0
12	0
13	0
14	0
15	0
16	0
17	0
18	0
19	0
20	0
Task set: Num Tasks 200 | Util 20 | Pop Size 200

Utilization 20.0
MW Algorithm
The number of CPU's used is 6
1	3.30279049123
2	3.28583656481
3	3.36044198771
4	3.40069482598
5	3.32873829948
6	3.32149783079
7	0
8	0
9	0
10	0
11	0
12	0
13	0
14	0
15	0
16	0
17	0
18	0
19	0
20	0
 
HMWG algorithm
The number of CPU's used is 6
Allocation strategy
1	3.43103625162
2	3.1999345128
3	3.63979764796
4	3.54332457906
5	3.26111016884
6	2.92479683972
7	0
8	0
9	0
10	0
11	0
12	0
13	0
14	0
15	0
16	0
17	0
18	0
19	0
20	0
HMMWG algorithm
The number of CPU's used is 6
Allocation strategy
1	3.45499125752
2	3.17442783693
3	3.65864853839
4	3.29910572479
5	3.30899464916
6	0
7	0
8	0
9	0
10	0
11	0
12	3.10383199322
13	0
14	0
15	0
16	0
17	0
18	0
19	0
20	0
Task set: Num Tasks 300 | Util 20 | Pop Size 200

Utilization 20.0
MW Algorithm
The number of CPU's used is 6
1	3.3630638706
2	3.32441797001
3	3.32503217884
4	3.34839733394
5	3.30837277276
6	3.33071587385
7	0
8	0
9	0
10	0
11	0
12	0
13	0
14	0
15	0
16	0
17	0
18	0
19	0
20	0
 
HMWG algorithm
The number of CPU's used is 6
Allocation strategy
1	3.46341948935
2	3.37193930292
3	3.41833683384
4	3.28905254885
5	3.12653595119
6	3.33071587385
7	0
8	0
9	0
10	0
11	0
12	0
13	0
14	0
15	0
16	0
17	0
18	0
19	0
20	0
HMMWG algorithm
The number of CPU's used is 6
Allocation strategy
1	3.30160609632
2	3.39505842519
3	3.32503217884
4	0
5	3.40985510822
6	0
7	0
8	0
9	3.30837277276
10	0
11	0
12	0
13	0
14	0
15	0
16	0
17	3.26007541867
18	0
19	0
20	0
Task set: Num Tasks 100 | Util 35 | Pop Size 200

Utilization 35.0
MW Algorithm
The number of CPU's used is 10
1	3.85891046131
2	3.59622861765
3	3.34510027864
4	3.35053839873
5	3.34451624848
6	3.55149155751
7	3.7836961882
8	3.31402362702
9	3.5157680577
10	3.33972656476
11	0
12	0
13	0
14	0
15	0
16	0
17	0
18	0
19	0
20	0
 
HMWG algorithm
The number of CPU's used is 10
Allocation strategy
1	3.45756354337
2	3.81029204844
3	3.99114824104
4	3.49859551044
5	3.74856313691
6	3.57429317962
7	3.09278786296
8	3.04446361751
9	3.85857431901
10	2.92371854071
11	0
12	0
13	0
14	0
15	0
16	0
17	0
18	0
19	0
20	0
HMMWG algorithm
The number of CPU's used is 10
Allocation strategy
1	3.85891046131
2	3.93522278439
3	2.97164740275
4	3.72399127462
5	3.9016643935
6	3.7716613377
7	3.05655500649
8	0
9	3.14886161024
10	0
11	0
12	0
13	0
14	3.27124821846
15	3.36023751054
16	0
17	0
18	0
19	0
20	0
Task set: Num Tasks 150 | Util 35 | Pop Size 200

Utilization 35.0
MW Algorithm
The number of CPU's used is 10
1	3.45889176308
2	3.56547462828
3	3.65017285269
4	3.51887583741
5	3.46263809263
6	3.57843686834
7	3.4560968162
8	3.39076720683
9	3.46602203746
10	3.45262389706
11	0
12	0
13	0
14	0
15	0
16	0
17	0
18	0
19	0
20	0
 
HMWG algorithm
The number of CPU's used is 10
Allocation strategy
1	3.45889176308
2	3.56547462828
3	3.65017285269
4	2.98481871897
5	3.77101138298
6	3.57843686834
7	3.47470388588
8	3.39076720683
9	3.67309879588
10	3.45262389706
11	0
12	0
13	0
14	0
15	0
16	0
17	0
18	0
19	0
20	0
HMMWG algorithm
The number of CPU's used is 10
Allocation strategy
1	3.45889176308
2	3.56547462828
3	3.65017285269
4	3.49448536964
5	0
6	3.74805009582
7	3.74616883546
8	3.4560968162
9	3.05306337937
10	0
11	3.7663068397
12	3.06128941974
13	0
14	0
15	0
16	0
17	0
18	0
19	0
20	0
Task set: Num Tasks 200 | Util 35 | Pop Size 200

Utilization 35.0
MW Algorithm
The number of CPU's used is 9
1	3.99622826474
2	3.81669565951
3	3.83706130444
4	3.97100650065
5	3.9230111118
6	3.79054984277
7	3.8020579148
8	3.94676373142
9	3.91662566986
10	0
11	0
12	0
13	0
14	0
15	0
16	0
17	0
18	0
19	0
20	0
 
HMWG algorithm
The number of CPU's used is 9
Allocation strategy
1	3.99622826474
2	3.81669565951
3	3.83706130444
4	3.97100650065
5	3.9230111118
6	3.79054984277
7	3.94133444507
8	3.80748720116
9	3.91662566986
10	0
11	0
12	0
13	0
14	0
15	0
16	0
17	0
18	0
19	0
20	0
HMMWG algorithm
The number of CPU's used is 9
Allocation strategy
1	3.99622826474
2	3.91912817427
3	3.99624723268
4	0
5	3.97100650065
6	3.96827995688
7	3.53316150044
8	3.95709460775
9	0
10	3.94676373142
11	3.71209003117
12	0
13	0
14	0
15	0
16	0
17	0
18	0
19	0
20	0
Task set: Num Tasks 300 | Util 35 | Pop Size 200

Utilization 35.0
MW Algorithm
The number of CPU's used is 10
1	3.50708208233
2	3.52977847192
3	3.4413223805
4	3.45745107653
5	3.62044862343
6	3.46800565124
7	3.48733230765
8	3.51141715032
9	3.50323128595
10	3.47393097014
11	0
12	0
13	0
14	0
15	0
16	0
17	0
18	0
19	0
20	0
 
HMWG algorithm
The number of CPU's used is 10
Allocation strategy
1	3.15425015566
2	3.52977847192
3	3.48030142125
4	3.67501713764
5	3.54782777649
6	3.58693467573
7	3.58271703091
8	3.49674476236
9	3.4724975979
10	3.47393097014
11	0
12	0
13	0
14	0
15	0
16	0
17	0
18	0
19	0
20	0
HMMWG algorithm
The number of CPU's used is 10
Allocation strategy
1	3.29048770925
2	3.52977847192
3	3.54883504275
4	3.30351224466
5	3.66687479304
6	0
7	3.59001488434
8	3.48733230765
9	3.6060022903
10	0
11	0
12	3.36709437244
13	3.61006788365
14	0
15	0
16	0
17	0
18	0
19	0
20	0
Task set: Num Tasks 100 | Util 45 | Pop Size 200

Utilization 45.0
MW Algorithm
The number of CPU's used is 12
1	3.81410691905
2	3.73512840134
3	3.77783087799
4	3.58114726012
5	3.54500634777
6	3.89400972304
7	3.69181306064
8	3.84359920577
9	3.85897504943
10	3.99527216955
11	3.64984611608
12	3.6132648692
13	0
14	0
15	0
16	0
17	0
18	0
19	0
20	0
 
HMWG algorithm
The number of CPU's used is 12
Allocation strategy
1	4.02607686399
2	3.64712479934
3	3.77783087799
4	3.26817605733
5	3.99355105658
6	3.89400972304
7	3.69181306064
8	3.84359920577
9	3.85897504943
10	3.71114075233
11	3.32977999437
12	3.95792255918
13	0
14	0
15	0
16	0
17	0
18	0
19	0
20	0
HMMWG algorithm
The number of CPU's used is 13
Allocation strategy
1	3.98922633131
2	3.61887010527
3	3.83029249432
4	3.29802367948
5	3.98659339569
6	2.9245614227
7	3.7288165745
8	3.47552810263
9	3.64055971168
10	0
11	0
12	3.19932532146
13	0
14	0
15	0
16	2.88128784817
17	3.23692383669
18	0
19	3.18999117609
20	0
Task set: Num Tasks 150 | Util 45 | Pop Size 200

Utilization 45.0
MW Algorithm
The number of CPU's used is 12
1	3.96722447988
2	3.74137754798
3	3.81504408999
4	3.74963854134
5	3.65257071029
6	3.62655505913
7	3.67176742915
8	3.88145350775
9	3.58941903791
10	3.86618922331
11	3.74745164415
12	3.69130872912
13	0
14	0
15	0
16	0
17	0
18	0
19	0
20	0
 
HMWG algorithm
The number of CPU's used is 12
Allocation strategy
1	3.96722447988
2	3.5639720389
3	3.74357739113
4	3.74963854134
5	3.99651406929
6	3.58496738043
7	3.71791586343
8	3.92188505254
9	3.95011699046
10	3.70468025935
11	3.74745164415
12	3.35205628911
13	0
14	0
15	0
16	0
17	0
18	0
19	0
20	0
HMMWG algorithm
The number of CPU's used is 12
Allocation strategy
1	3.96722447988
2	3.6337122359
3	3.81504408999
4	3.75104097339
5	3.75883359032
6	3.99732039671
7	3.67176742915
8	3.88145350775
9	3.58941903791
10	3.49542388573
11	0
12	0
13	0
14	0
15	0
16	3.74745164415
17	0
18	0
19	3.69130872912
20	0
Task set: Num Tasks 200 | Util 45 | Pop Size 200

Utilization 45.0
MW Algorithm
The number of CPU's used is 12
1	3.61028243986
2	3.68662832444
3	3.6343143025
4	3.87298866634
5	3.75147660784
6	3.87412640021
7	3.70382940864
8	3.8396106568
9	3.6457197786
10	3.6891058152
11	3.87126089296
12	3.82065670661
13	0
14	0
15	0
16	0
17	0
18	0
19	0
20	0
 
HMWG algorithm
The number of CPU's used is 12
Allocation strategy
1	4.02441806851
2	3.63908820671
3	3.81729497558
4	3.78537888511
5	3.75147660784
6	3.49619358454
7	3.70382940864
8	3.50115222102
9	3.86242839716
10	3.47239719665
11	3.95887067419
12	3.98747177405
13	0
14	0
15	0
16	0
17	0
18	0
19	0
20	0
HMMWG algorithm
The number of CPU's used is 13
Allocation strategy
1	3.37561661918
2	3.53954695856
3	3.8085831365
4	3.74978515419
5	3.76097087309
6	0
7	3.46545295039
8	0
9	3.66283869258
10	3.23061472899
11	0
12	3.22242029649
13	3.09034297863
14	0
15	0
16	3.30391850189
17	3.21379135444
18	0
19	3.57611775507
20	0
Task set: Num Tasks 300 | Util 45 | Pop Size 200

Utilization 45.0
MW Algorithm
The number of CPU's used is 12
1	3.78148524822
2	3.72011358374
3	3.82559915908
4	3.73476564469
5	3.74729051197
6	3.85771177804
7	3.70597016677
8	3.68468920407
9	3.74038782745
10	3.6859214259
11	3.77684539032
12	3.73922005975
13	0
14	0
15	0
16	0
17	0
18	0
19	0
20	0
 
HMWG algorithm
The number of CPU's used is 12
Allocation strategy
1	3.95245640652
2	3.60202078383
3	3.68916955913
4	3.73476564469
5	3.67790803593
6	3.87022269019
7	3.70674684331
8	3.95463679119
9	3.82595353689
10	3.54407423878
11	3.77684539032
12	3.66520007922
13	0
14	0
15	0
16	0
17	0
18	0
19	0
20	0
HMMWG algorithm
The number of CPU's used is 12
Allocation strategy
1	3.94057645984
2	3.53294224778
3	3.99657031738
4	3.73476564469
5	3.8341451261
6	3.81479572339
7	3.57042416059
8	0
9	3.6447234345
10	3.83259862757
11	0
12	0
13	0
14	3.6859214259
15	3.77684539032
16	3.63569144192
17	0
18	0
19	0
20	0
