Start scheduler

Task set: Num Tasks 100 | Util 20 | Pop Size 200

Utilization 20.0
MW Algorithm
The number of CPU's used is 6
1	3.18549560135
2	3.51331514233
3	3.19810360907
4	3.25133512463
5	3.40805554868
6	3.44369497393
7	0
8	0
9	0
10	0
11	0
12	0
13	0
14	0
15	0
16	0
17	0
18	0
19	0
20	0
 
HMWG algorithm
The number of CPU's used is 6
Allocation strategy
1	3.43862886416
2	3.56778250795
3	3.79512854476
4	3.04676170734
5	3.30502833754
6	2.84667003824
7	0
8	0
9	0
10	0
11	0
12	0
13	0
14	0
15	0
16	0
17	0
18	0
19	0
20	0
HMMWG algorithm
The number of CPU's used is 6
Allocation strategy
1	3.36789739313
2	2.96032857959
3	0
4	3.29529096995
5	3.80432168737
6	0
7	0
8	3.40805554868
9	0
10	0
11	0
12	0
13	0
14	0
15	0
16	0
17	0
18	0
19	3.16410582127
20	0
Task set: Num Tasks 150 | Util 20 | Pop Size 200

Utilization 20.0
MW Algorithm
The number of CPU's used is 6
1	3.30464958637
2	3.24644278158
3	3.41071456245
4	3.34875993805
5	3.27206542755
6	3.417367704
7	0
8	0
9	0
10	0
11	0
12	0
13	0
14	0
15	0
16	0
17	0
18	0
19	0
20	0
 
HMWG algorithm
The number of CPU's used is 6
Allocation strategy
1	3.45535624182
2	2.91679739892
3	3.69790435734
4	3.00345722051
5	3.73994462681
6	3.18654015461
7	0
8	0
9	0
10	0
11	0
12	0
13	0
14	0
15	0
16	0
17	0
18	0
19	0
20	0
HMMWG algorithm
The number of CPU's used is 6
Allocation strategy
1	3.45075804003
2	3.56421518419
3	3.19246858661
4	3.30651874001
5	3.27206542755
6	0
7	0
8	0
9	0
10	0
11	0
12	0
13	0
14	0
15	0
16	0
17	0
18	0
19	3.21397402162
20	0
Task set: Num Tasks 200 | Util 20 | Pop Size 200

Utilization 20.0
MW Algorithm
The number of CPU's used is 6
1	3.30507566581
2	3.32559456091
3	3.33773081248
4	3.39776607105
5	3.35286182354
6	3.2809710662
7	0
8	0
9	0
10	0
11	0
12	0
13	0
14	0
15	0
16	0
17	0
18	0
19	0
20	0
 
HMWG algorithm
The number of CPU's used is 6
Allocation strategy
1	3.43589009114
2	3.12903273548
3	3.19249834507
4	3.29918409068
5	3.75709261105
6	3.18630212658
7	0
8	0
9	0
10	0
11	0
12	0
13	0
14	0
15	0
16	0
17	0
18	0
19	0
20	0
HMMWG algorithm
The number of CPU's used is 6
Allocation strategy
1	3.10339038123
2	3.63157595794
3	3.70060608943
4	0
5	3.30623784835
6	0
7	0
8	3.48508244164
9	2.7731072814
10	0
11	0
12	0
13	0
14	0
15	0
16	0
17	0
18	0
19	0
20	0
Task set: Num Tasks 300 | Util 20 | Pop Size 200

Utilization 20.0
MW Algorithm
The number of CPU's used is 6
1	3.30135546467
2	3.29712782072
3	3.34563105874
4	3.32688158084
5	3.35177850073
6	3.3772255743
7	0
8	0
9	0
10	0
11	0
12	0
13	0
14	0
15	0
16	0
17	0
18	0
19	0
20	0
 
HMWG algorithm
The number of CPU's used is 6
Allocation strategy
1	3.38498157572
2	3.29712782072
3	3.34563105874
4	3.24325546979
5	3.35177850073
6	3.3772255743
7	0
8	0
9	0
10	0
11	0
12	0
13	0
14	0
15	0
16	0
17	0
18	0
19	0
20	0
HMMWG algorithm
The number of CPU's used is 6
Allocation strategy
1	3.36134899482
2	3.35621096744
3	3.34563105874
4	3.21509969403
5	3.35177850073
6	3.36993078425
7	0
8	0
9	0
10	0
11	0
12	0
13	0
14	0
15	0
16	0
17	0
18	0
19	0
20	0
Task set: Num Tasks 100 | Util 35 | Pop Size 200

Utilization 35.0
MW Algorithm
The number of CPU's used is 10
1	3.39320044165
2	3.42995623142
3	3.53968035388
4	3.33392891441
5	3.65115269493
6	3.4020078245
7	3.51323987448
8	3.75137031034
9	3.5998420459
10	3.38562130849
11	0
12	0
13	0
14	0
15	0
16	0
17	0
18	0
19	0
20	0
 
HMWG algorithm
The number of CPU's used is 10
Allocation strategy
1	3.92230751562
2	3.72231044028
3	3.02571699299
4	3.70635112057
5	3.68738616049
6	3.19359284563
7	2.92954412894
8	3.4872848422
9	3.5998420459
10	3.72566390737
11	0
12	0
13	0
14	0
15	0
16	0
17	0
18	0
19	0
20	0
HMMWG algorithm
The number of CPU's used is 10
Allocation strategy
1	3.87268571674
2	3.77608461123
3	3.19457644935
4	3.27272552618
5	3.74788252197
6	3.73346278553
7	0
8	0
9	3.52861658808
10	3.23977883007
11	0
12	0
13	3.15628054424
14	0
15	0
16	0
17	0
18	0
19	3.47790642661
20	0
Task set: Num Tasks 150 | Util 35 | Pop Size 200

Utilization 35.0
MW Algorithm
The number of CPU's used is 10
1	3.44330730577
2	3.40317461741
3	3.75175899661
4	3.41839288499
5	3.41292000439
6	3.55432924168
7	3.53771729437
8	3.49850328872
9	3.57143362067
10	3.40846274539
11	0
12	0
13	0
14	0
15	0
16	0
17	0
18	0
19	0
20	0
 
HMWG algorithm
The number of CPU's used is 10
Allocation strategy
1	3.44330730577
2	3.60475737147
3	3.96800590209
4	3.28081584641
5	3.82333605594
6	3.18938075923
7	3.64062743912
8	3.50764583987
9	3.61445951077
10	2.92766396932
11	0
12	0
13	0
14	0
15	0
16	0
17	0
18	0
19	0
20	0
HMMWG algorithm
The number of CPU's used is 10
Allocation strategy
1	3.44330730577
2	3.12553217369
3	3.86363254564
4	3.47243345758
5	3.28795429039
6	3.77315995348
7	3.53771729437
8	3.49850328872
9	0
10	0
11	0
12	0
13	0
14	3.78191977796
15	0
16	0
17	0
18	3.21583991239
19	0
20	0
Task set: Num Tasks 200 | Util 35 | Pop Size 200

Utilization 35.0
MW Algorithm
The number of CPU's used is 9
1	3.89400933245
2	3.96148979856
3	3.97307456198
4	3.84231285105
5	3.83979678506
6	3.869454014
7	3.95288970423
8	3.83123848451
9	3.83573446818
10	0
11	0
12	0
13	0
14	0
15	0
16	0
17	0
18	0
19	0
20	0
 
HMWG algorithm
The number of CPU's used is 9
Allocation strategy
1	3.89400933245
2	3.96148979856
3	3.97307456198
4	3.84231285105
5	3.83979678506
6	3.869454014
7	3.95288970423
8	3.83123848451
9	3.83573446818
10	0
11	0
12	0
13	0
14	0
15	0
16	0
17	0
18	0
19	0
20	0
HMMWG algorithm
The number of CPU's used is 9
Allocation strategy
1	4.01763008508
2	3.96148979856
3	3.8276686641
4	3.84231285105
5	3.98520268293
6	0
7	3.95120254698
8	3.95288970423
9	0
10	3.70761773187
11	3.7539859352
12	0
13	0
14	0
15	0
16	0
17	0
18	0
19	0
20	0
Task set: Num Tasks 300 | Util 35 | Pop Size 200

Utilization 35.0
MW Algorithm
The number of CPU's used is 9
1	3.91665074212
2	3.88280361682
3	3.8623052684
4	3.880844042
5	3.9213006423
6	3.87264154102
7	3.880936221
8	3.91413832042
9	3.86837960592
10	0
11	0
12	0
13	0
14	0
15	0
16	0
17	0
18	0
19	0
20	0
 
HMWG algorithm
The number of CPU's used is 9
Allocation strategy
1	3.99989120435
2	3.88280361682
3	3.8623052684
4	3.880844042
5	3.9213006423
6	3.78940107879
7	3.880936221
8	3.91413832042
9	3.86837960592
10	0
11	0
12	0
13	0
14	0
15	0
16	0
17	0
18	0
19	0
20	0
HMMWG algorithm
The number of CPU's used is 9
Allocation strategy
1	3.91665074212
2	3.9869390326
3	3.93726603146
4	0
5	3.83582542761
6	0
7	3.9213006423
8	3.87264154102
9	3.77680080522
10	0
11	3.74050941229
12	0
13	0
14	0
15	0
16	0
17	0
18	4.01206636538
19	0
20	0
Task set: Num Tasks 100 | Util 45 | Pop Size 200

Utilization 45.0
MW Algorithm
The number of CPU's used is 13
1	3.49593896603
2	3.4852769146
3	3.41012729385
4	3.41278066446
5	3.38659592026
6	3.56515356588
7	3.28095966593
8	3.70884591356
9	3.669443645
10	3.50512168003
11	3.29537873978
12	3.61426195737
13	3.17011507327
14	0
15	0
16	0
17	0
18	0
19	0
20	0
 
HMWG algorithm
The number of CPU's used is 13
Allocation strategy
1	3.99961720919
2	3.13428886705
3	3.83158009597
4	3.26374072242
5	3.77370009709
6	2.98679084717
7	3.72926987906
8	3.86729348272
9	3.64298345857
10	3.44509866531
11	2.7575749142
12	3.39794668799
13	3.17011507327
14	0
15	0
16	0
17	0
18	0
19	0
20	0
HMMWG algorithm
The number of CPU's used is 13
Allocation strategy
1	3.45256763217
2	3.95019016631
3	3.03660602135
4	3.97323272856
5	3.99111629886
6	3.17315671739
7	0
8	3.97273731432
9	3.86096252863
10	3.19412051934
11	0
12	3.03606932616
13	0
14	3.29537873978
15	0
16	2.89374693385
17	3.17011507327
18	0
19	0
20	0
Task set: Num Tasks 150 | Util 45 | Pop Size 200

Utilization 45.0
MW Algorithm
The number of CPU's used is 13
1	3.75214513314
2	3.40590484955
3	3.33288029884
4	3.32045503706
5	3.54740018439
6	3.51425255713
7	3.55085072107
8	3.46278257841
9	3.52567457588
10	3.41310605808
11	3.34587673772
12	3.53057177535
13	3.29809949337
14	0
15	0
16	0
17	0
18	0
19	0
20	0
 
HMWG algorithm
The number of CPU's used is 13
Allocation strategy
1	3.8988769931
2	3.17203341519
3	3.79457308044
4	3.46001968446
5	3.95558762852
6	2.93886634753
7	3.70631874778
8	3.51627739076
9	3.68184082967
10	2.8161477324
11	3.34587673772
12	3.57261079695
13	3.14097061548
14	0
15	0
16	0
17	0
18	0
19	0
20	0
HMMWG algorithm
The number of CPU's used is 13
Allocation strategy
1	3.42747471365
2	3.17810610131
3	3.85254512977
4	3.40863304668
5	3.84384566652
6	3.63474343036
7	3.76599571939
8	3.43389804453
9	3.16288921673
10	3.2408995013
11	0
12	3.36263715418
13	0
14	0
15	0
16	3.24491771294
17	0
18	3.44341456263
19	0
20	0
Task set: Num Tasks 200 | Util 45 | Pop Size 200

Utilization 45.0
MW Algorithm
The number of CPU's used is 12
1	3.80485551814
2	3.8586335295
3	3.66418670291
4	3.8332725508
5	3.63445508543
6	3.69986499972
7	3.78500747211
8	3.89195991854
9	3.62750656584
10	3.81601478929
11	3.74687672363
12	3.63736614409
13	0
14	0
15	0
16	0
17	0
18	0
19	0
20	0
 
HMWG algorithm
The number of CPU's used is 12
Allocation strategy
1	3.80485551814
2	3.8586335295
3	3.66418670291
4	3.8332725508
5	3.63445508543
6	3.95039108785
7	3.88976505138
8	3.89195991854
9	3.86840609483
10	3.65147716565
11	3.74687672363
12	3.20572057134
13	0
14	0
15	0
16	0
17	0
18	0
19	0
20	0
HMMWG algorithm
The number of CPU's used is 12
Allocation strategy
1	3.80485551814
2	3.8586335295
3	3.66418670291
4	3.8332725508
5	3.63445508543
6	0
7	3.69986499972
8	3.78500747211
9	3.89195991854
10	0
11	0
12	3.62750656584
13	0
14	0
15	3.81601478929
16	3.74687672363
17	0
18	3.63736614409
19	0
20	0
Task set: Num Tasks 300 | Util 45 | Pop Size 200

Utilization 45.0
MW Algorithm
The number of CPU's used is 12
1	3.66280202659
2	3.80470882092
3	3.91133606525
4	3.73274917695
5	3.80824261575
6	3.68102277541
7	3.81955897894
8	3.82087839045
9	3.67405258279
10	3.75792865556
11	3.6635866995
12	3.66313321191
13	0
14	0
15	0
16	0
17	0
18	0
19	0
20	0
 
HMWG algorithm
The number of CPU's used is 12
Allocation strategy
1	3.45728464007
2	3.64754995231
3	3.91133606525
4	3.73274917695
5	3.94220682861
6	3.66494933659
7	3.9643497595
8	3.85652428407
9	3.87540012289
10	3.53439308072
11	3.75012354113
12	3.66313321191
13	0
14	0
15	0
16	0
17	0
18	0
19	0
20	0
HMMWG algorithm
The number of CPU's used is 12
Allocation strategy
1	3.93721183931
2	3.86236894614
3	3.77562908603
4	3.97688323151
5	3.80824261575
6	3.48412738707
7	3.53020659761
8	3.82087839045
9	3.86741829217
10	0
11	0
12	0
13	3.61031370255
14	0
15	0
16	3.6635866995
17	0
18	3.66313321191
19	0
20	0
