Start scheduler

Task set: Num Tasks 100 | Util 20 | Pop Size 200

Utilization 20.0
MW Algorithm
The number of CPU's used is 6
1	3.23550813674
2	3.34437841804
3	3.29384269876
4	3.30548870734
5	3.54584505628
6	3.27493698284
7	0
8	0
9	0
10	0
11	0
12	0
13	0
14	0
15	0
16	0
17	0
18	0
19	0
20	0
 
HMWG algorithm
The number of CPU's used is 6
Allocation strategy
1	3.43018530013
2	3.21838651164
3	3.82625949748
4	3.02697592419
5	3.30505754143
6	3.19313522513
7	0
8	0
9	0
10	0
11	0
12	0
13	0
14	0
15	0
16	0
17	0
18	0
19	0
20	0
HMMWG algorithm
The number of CPU's used is 6
Allocation strategy
1	0
2	3.18067533473
3	3.83146532419
4	3.29384269876
5	3.30548870734
6	0
7	0
8	0
9	0
10	0
11	0
12	3.11359095214
13	0
14	3.27493698284
15	0
16	0
17	0
18	0
19	0
20	0
Task set: Num Tasks 150 | Util 20 | Pop Size 200

Utilization 20.0
MW Algorithm
The number of CPU's used is 6
1	3.32003064103
2	3.32537415583
3	3.3533579544
4	3.32045792718
5	3.31610614361
6	3.36467317794
7	0
8	0
9	0
10	0
11	0
12	0
13	0
14	0
15	0
16	0
17	0
18	0
19	0
20	0
 
HMWG algorithm
The number of CPU's used is 6
Allocation strategy
1	3.45188931192
2	3.61515908119
3	3.82973448113
4	3.1249290149
5	3.05800509465
6	2.92028301621
7	0
8	0
9	0
10	0
11	0
12	0
13	0
14	0
15	0
16	0
17	0
18	0
19	0
20	0
HMMWG algorithm
The number of CPU's used is 6
Allocation strategy
1	3.46986336512
2	3.16698468823
3	3.03789615565
4	3.29323888199
5	3.27279858957
6	0
7	0
8	0
9	0
10	0
11	0
12	0
13	0
14	3.75921831944
15	0
16	0
17	0
18	0
19	0
20	0
Task set: Num Tasks 200 | Util 20 | Pop Size 200

Utilization 20.0
MW Algorithm
The number of CPU's used is 6
1	3.30586420175
2	3.29151665389
3	3.33520653512
4	3.3286037224
5	3.332454855
6	3.40635403184
7	0
8	0
9	0
10	0
11	0
12	0
13	0
14	0
15	0
16	0
17	0
18	0
19	0
20	0
 
HMWG algorithm
The number of CPU's used is 6
Allocation strategy
1	3.40836630355
2	3.18460795598
3	3.69105119331
4	3.53448752262
5	3.26669682723
6	2.91479019731
7	0
8	0
9	0
10	0
11	0
12	0
13	0
14	0
15	0
16	0
17	0
18	0
19	0
20	0
HMMWG algorithm
The number of CPU's used is 6
Allocation strategy
1	3.44398609665
2	3.1847602677
3	3.19747499779
4	3.00955899968
5	0
6	0
7	3.61020735847
8	0
9	0
10	3.55401227971
11	0
12	0
13	0
14	0
15	0
16	0
17	0
18	0
19	0
20	0
Task set: Num Tasks 300 | Util 20 | Pop Size 200

Utilization 20.0
MW Algorithm
The number of CPU's used is 6
1	3.28649186446
2	3.35778310506
3	3.30860669906
4	3.2988265539
5	3.37687993979
6	3.37141183773
7	0
8	0
9	0
10	0
11	0
12	0
13	0
14	0
15	0
16	0
17	0
18	0
19	0
20	0
 
HMWG algorithm
The number of CPU's used is 6
Allocation strategy
1	3.28649186446
2	3.44742807366
3	3.14565350578
4	3.48739759311
5	3.26161712526
6	3.37141183773
7	0
8	0
9	0
10	0
11	0
12	0
13	0
14	0
15	0
16	0
17	0
18	0
19	0
20	0
HMMWG algorithm
The number of CPU's used is 6
Allocation strategy
1	3.28649186446
2	3.35778310506
3	3.30860669906
4	3.2988265539
5	0
6	3.37687993979
7	0
8	0
9	0
10	3.37141183773
11	0
12	0
13	0
14	0
15	0
16	0
17	0
18	0
19	0
20	0
Task set: Num Tasks 100 | Util 35 | Pop Size 200

Utilization 35.0
MW Algorithm
The number of CPU's used is 10
1	3.48549462578
2	3.46530653256
3	3.46872254915
4	3.36297356728
5	3.52238646376
6	3.68098801569
7	3.55407221847
8	3.53557885262
9	3.50058570787
10	3.42389146681
11	0
12	0
13	0
14	0
15	0
16	0
17	0
18	0
19	0
20	0
 
HMWG algorithm
The number of CPU's used is 10
Allocation strategy
1	3.45716625984
2	3.8537637408
3	3.67662382803
4	3.94906500528
5	3.91928096771
6	3.05847884828
7	3.55407221847
8	3.45058534183
9	3.16731584141
10	2.91364794835
11	0
12	0
13	0
14	0
15	0
16	0
17	0
18	0
19	0
20	0
HMMWG algorithm
The number of CPU's used is 10
Allocation strategy
1	3.95700223357
2	3.91449493863
3	3.80562988898
4	3.54627402963
5	3.90334982636
6	0
7	3.13836900736
8	3.01603920515
9	0
10	3.53557885262
11	2.97798571675
12	0
13	0
14	0
15	0
16	0
17	0
18	0
19	3.20527630095
20	0
Task set: Num Tasks 150 | Util 35 | Pop Size 200

Utilization 35.0
MW Algorithm
The number of CPU's used is 10
1	3.68266182338
2	3.4513398408
3	3.53777696653
4	3.49182625713
5	3.51111426724
6	3.40487892532
7	3.43654458332
8	3.48170720458
9	3.53532886109
10	3.4668212706
11	0
12	0
13	0
14	0
15	0
16	0
17	0
18	0
19	0
20	0
 
HMWG algorithm
The number of CPU's used is 10
Allocation strategy
1	3.36354614183
2	3.5992701368
3	3.53777696653
4	3.49182625713
5	3.845631625
6	3.16347394992
7	3.72654273812
8	3.48170720458
9	3.56010886642
10	3.23011611367
11	0
12	0
13	0
14	0
15	0
16	0
17	0
18	0
19	0
20	0
HMMWG algorithm
The number of CPU's used is 10
Allocation strategy
1	3.93447599437
2	3.64359681944
3	3.93091498692
4	3.69935422999
5	3.96619860212
6	2.48788152961
7	0
8	0
9	3.00867238856
10	3.55088055876
11	0
12	3.31120361963
13	0
14	0
15	0
16	0
17	0
18	0
19	3.4668212706
20	0
Task set: Num Tasks 200 | Util 35 | Pop Size 200

Utilization 35.0
MW Algorithm
The number of CPU's used is 9
1	3.90926849088
2	3.82498000909
3	3.87927681499
4	3.97276886565
5	3.85053717202
6	3.8895439575
7	3.92587713856
8	3.8403357708
9	3.90741178052
10	0
11	0
12	0
13	0
14	0
15	0
16	0
17	0
18	0
19	0
20	0
 
HMWG algorithm
The number of CPU's used is 9
Allocation strategy
1	3.90926849088
2	3.82498000909
3	3.74547885008
4	3.97276886565
5	3.85053717202
6	3.8288806204
7	3.92587713856
8	3.9539576337
9	3.98825121963
10	0
11	0
12	0
13	0
14	0
15	0
16	0
17	0
18	0
19	0
20	0
HMMWG algorithm
The number of CPU's used is 9
Allocation strategy
1	3.90926849088
2	3.82498000909
3	3.87927681499
4	3.97276886565
5	3.85053717202
6	0
7	3.8895439575
8	3.92587713856
9	0
10	0
11	0
12	0
13	3.8403357708
14	0
15	0
16	0
17	0
18	0
19	3.90741178052
20	0
Task set: Num Tasks 300 | Util 35 | Pop Size 200

Utilization 35.0
MW Algorithm
The number of CPU's used is 10
1	3.49032451573
2	3.63029892281
3	3.51651974946
4	3.49723584691
5	3.48625216971
6	3.4474269361
7	3.47685507393
8	3.46851189612
9	3.43256907529
10	3.55400581394
11	0
12	0
13	0
14	0
15	0
16	0
17	0
18	0
19	0
20	0
 
HMWG algorithm
The number of CPU's used is 10
Allocation strategy
1	3.34722296575
2	3.63029892281
3	3.51651974946
4	3.49723584691
5	3.48625216971
6	3.60826989283
7	3.45911366718
8	3.46851189612
9	3.43256907529
10	3.55400581394
11	0
12	0
13	0
14	0
15	0
16	0
17	0
18	0
19	0
20	0
HMMWG algorithm
The number of CPU's used is 10
Allocation strategy
1	3.38208648283
2	3.63029892281
3	3.65357595423
4	3.49723584691
5	3.66265547895
6	3.555664969
7	3.13960880796
8	0
9	3.61859054815
10	0
11	0
12	3.30627717522
13	3.55400581394
14	0
15	0
16	0
17	0
18	0
19	0
20	0
Task set: Num Tasks 100 | Util 45 | Pop Size 200

Utilization 45.0
MW Algorithm
The number of CPU's used is 13
1	3.39104329678
2	3.44403052438
3	3.46551831976
4	3.75084708815
5	3.70373152777
6	3.6676928409
7	3.2527470389
8	3.34884247522
9	3.48154578605
10	3.5495131762
11	3.23817697005
12	3.23504998241
13	3.47126097343
14	0
15	0
16	0
17	0
18	0
19	0
20	0
 
HMWG algorithm
The number of CPU's used is 13
Allocation strategy
1	3.94050621907
2	3.62770652266
3	3.69246755746
4	3.75084708815
5	3.93443120322
6	3.11906387479
7	3.76247968539
8	3.05448441158
9	3.54310093591
10	3.15624771864
11	2.80338555777
12	3.37471792738
13	3.24056129798
14	0
15	0
16	0
17	0
18	0
19	0
20	0
HMMWG algorithm
The number of CPU's used is 13
Allocation strategy
1	4.01954523478
2	3.6058559463
3	3.79435963692
4	3.54824024498
5	3.27420838465
6	3.98441781586
7	3.76795859198
8	3.51259881349
9	3.582227612
10	0
11	0
12	0
13	3.12361808137
14	3.04687562138
15	2.74661399176
16	2.99348002452
17	0
18	0
19	0
20	0
Task set: Num Tasks 150 | Util 45 | Pop Size 200

Utilization 45.0
MW Algorithm
The number of CPU's used is 12
1	3.72872865934
2	3.64635346878
3	3.74723924926
4	3.72714373178
5	3.68829192324
6	3.82158857236
7	3.88599173157
8	3.75635218447
9	3.66221274387
10	3.66033786103
11	3.69921341408
12	3.97654646021
13	0
14	0
15	0
16	0
17	0
18	0
19	0
20	0
 
HMWG algorithm
The number of CPU's used is 12
Allocation strategy
1	4.01382294113
2	3.64635346878
3	3.83646109265
4	3.72714373178
5	3.69439686369
6	3.98673548456
7	3.59479250934
8	3.93404539794
9	3.87387972434
10	3.39342280417
11	3.32239952141
12	3.97654646021
13	0
14	0
15	0
16	0
17	0
18	0
19	0
20	0
HMMWG algorithm
The number of CPU's used is 13
Allocation strategy
1	3.3960844457
2	3.64893454134
3	3.91030560002
4	3.77725035822
5	3.25882691012
6	3.1583554488
7	0
8	3.06637752234
9	3.59570777166
10	3.66020344326
11	0
12	3.41178911402
13	3.21663743232
14	3.74048265551
15	0
16	0
17	0
18	0
19	3.1590447567
20	0
Task set: Num Tasks 200 | Util 45 | Pop Size 200

Utilization 45.0
MW Algorithm
The number of CPU's used is 12
1	3.61600379933
2	3.82020660328
3	3.6668787126
4	3.87488412745
5	3.63269328027
6	3.65553406907
7	3.73961379386
8	3.78868154686
9	3.89056880693
10	3.78204785592
11	3.70046814459
12	3.83241925984
13	0
14	0
15	0
16	0
17	0
18	0
19	0
20	0
 
HMWG algorithm
The number of CPU's used is 12
Allocation strategy
1	3.8522110007
2	3.93280741947
3	3.87759821145
4	3.62425335184
5	3.94815927315
6	3.65553406907
7	3.55891923856
8	3.85718392935
9	3.81866346987
10	3.96614536579
11	3.25354144437
12	3.65498322638
13	0
14	0
15	0
16	0
17	0
18	0
19	0
20	0
HMMWG algorithm
The number of CPU's used is 13
Allocation strategy
1	3.46381841164
2	3.90651596132
3	3.52747733533
4	3.28866217381
5	3.3012653762
6	3.62100087009
7	3.56716225207
8	3.34719587779
9	3.5350759848
10	0
11	0
12	3.1663328244
13	0
14	0
15	3.20902348882
16	3.43652746354
17	0
18	3.62994198019
19	0
20	0
Task set: Num Tasks 300 | Util 45 | Pop Size 200

Utilization 45.0
MW Algorithm
The number of CPU's used is 12
1	3.81624377584
2	3.67313139154
3	3.81471431472
4	3.69381046251
5	3.79215428848
6	3.71376467979
7	3.81454230065
8	3.72828124134
9	3.74498199703
10	3.71629769162
11	3.7351814576
12	3.75689639888
13	0
14	0
15	0
16	0
17	0
18	0
19	0
20	0
 
HMWG algorithm
The number of CPU's used is 12
Allocation strategy
1	3.96421993706
2	3.97551178011
3	3.81932776268
4	3.75016653973
5	3.93684297377
6	3.61714986608
7	3.68600433146
8	3.45360143285
9	3.86610370879
10	3.19453956332
11	3.77717368443
12	3.95935841972
13	0
14	0
15	0
16	0
17	0
18	0
19	0
20	0
HMMWG algorithm
The number of CPU's used is 12
Allocation strategy
1	4.01992337581
2	3.8970110957
3	3.81471431472
4	3.69381046251
5	3.79215428848
6	3.64114962037
7	0
8	0
9	3.89233215557
10	3.52936967466
11	0
12	3.93871876822
13	0
14	3.70673298489
15	0
16	3.59789783045
17	0
18	0
19	3.47618542863
20	0
