Start scheduler

Task set: Num Tasks 100 | Util 20 | Pop Size 200

Utilization 20.0
MW Algorithm
The number of CPU's used is 6
1	3.28710585779
2	3.46008248902
3	3.26815534693
4	3.37604377548
5	3.39210799056
6	3.21650454023
7	0
8	0
9	0
10	0
11	0
12	0
13	0
14	0
15	0
16	0
17	0
18	0
19	0
20	0
 
HMWG algorithm
The number of CPU's used is 6
Allocation strategy
1	3.39351918045
2	3.64847562653
3	2.95186297566
4	3.25492654868
5	3.84407047534
6	2.90714519335
7	0
8	0
9	0
10	0
11	0
12	0
13	0
14	0
15	0
16	0
17	0
18	0
19	0
20	0
HMMWG algorithm
The number of CPU's used is 6
Allocation strategy
1	3.38010860767
2	3.63689787264
3	3.16970668638
4	3.25962450641
5	0
6	3.66347304949
7	0
8	0
9	0
10	2.89018927741
11	0
12	0
13	0
14	0
15	0
16	0
17	0
18	0
19	0
20	0
Task set: Num Tasks 150 | Util 20 | Pop Size 200

Utilization 20.0
MW Algorithm
The number of CPU's used is 6
1	3.31319835492
2	3.3408661272
3	3.31732144803
4	3.39381917266
5	3.34422900031
6	3.29056589687
7	0
8	0
9	0
10	0
11	0
12	0
13	0
14	0
15	0
16	0
17	0
18	0
19	0
20	0
 
HMWG algorithm
The number of CPU's used is 6
Allocation strategy
1	3.46958988329
2	3.5940755293
3	3.18023764759
4	3.28597358449
5	3.29548455729
6	3.17463879803
7	0
8	0
9	0
10	0
11	0
12	0
13	0
14	0
15	0
16	0
17	0
18	0
19	0
20	0
HMMWG algorithm
The number of CPU's used is 6
Allocation strategy
1	3.42943845625
2	3.62494964637
3	3.01245484932
4	3.55171130585
5	0
6	0
7	0
8	3.49300577745
9	0
10	0
11	0
12	0
13	0
14	0
15	0
16	0
17	2.88843996476
18	0
19	0
20	0
Task set: Num Tasks 200 | Util 20 | Pop Size 200

Utilization 20.0
MW Algorithm
The number of CPU's used is 6
1	3.35405254325
2	3.32281261408
3	3.35184564665
4	3.27085102224
5	3.37585955165
6	3.32457862213
7	0
8	0
9	0
10	0
11	0
12	0
13	0
14	0
15	0
16	0
17	0
18	0
19	0
20	0
 
HMWG algorithm
The number of CPU's used is 6
Allocation strategy
1	3.43626227432
2	3.21175144008
3	3.82925189084
4	3.3068781116
5	3.29951912107
6	2.91633716208
7	0
8	0
9	0
10	0
11	0
12	0
13	0
14	0
15	0
16	0
17	0
18	0
19	0
20	0
HMMWG algorithm
The number of CPU's used is 6
Allocation strategy
1	3.43061141831
2	3.6298632427
3	3.18208770882
4	3.52148442879
5	3.30380431635
6	0
7	0
8	0
9	2.93214888503
10	0
11	0
12	0
13	0
14	0
15	0
16	0
17	0
18	0
19	0
20	0
Task set: Num Tasks 300 | Util 20 | Pop Size 200

Utilization 20.0
MW Algorithm
The number of CPU's used is 6
1	3.30113096734
2	3.34776432909
3	3.34517494544
4	3.36055714848
5	3.34541674575
6	3.2999558639
7	0
8	0
9	0
10	0
11	0
12	0
13	0
14	0
15	0
16	0
17	0
18	0
19	0
20	0
 
HMWG algorithm
The number of CPU's used is 6
Allocation strategy
1	3.39972496327
2	3.72291955928
3	2.93265082747
4	3.52346188224
5	3.26425623006
6	3.15698653767
7	0
8	0
9	0
10	0
11	0
12	0
13	0
14	0
15	0
16	0
17	0
18	0
19	0
20	0
HMMWG algorithm
The number of CPU's used is 6
Allocation strategy
1	3.35983415611
2	0
3	3.31776077119
4	3.2861740872
5	3.30882874112
6	0
7	0
8	3.4344211619
9	3.29298108249
10	0
11	0
12	0
13	0
14	0
15	0
16	0
17	0
18	0
19	0
20	0
Task set: Num Tasks 100 | Util 35 | Pop Size 200

Utilization 35.0
MW Algorithm
The number of CPU's used is 10
1	3.46844108552
2	3.59960978016
3	3.33924684834
4	3.35505866836
5	3.64160754486
6	3.48633470277
7	3.60793564678
8	3.48626571635
9	3.49053101569
10	3.52496899118
11	0
12	0
13	0
14	0
15	0
16	0
17	0
18	0
19	0
20	0
 
HMWG algorithm
The number of CPU's used is 10
Allocation strategy
1	3.99494458786
2	3.59960978016
3	3.82971627891
4	3.12108972871
5	3.87140573774
6	3.10418528584
7	2.8728206961
8	3.97939145893
9	3.15747260548
10	3.46936384027
11	0
12	0
13	0
14	0
15	0
16	0
17	0
18	0
19	0
20	0
HMMWG algorithm
The number of CPU's used is 10
Allocation strategy
1	3.46844108552
2	3.92342218538
3	3.83861242948
4	0
5	3.7819282829
6	3.19258449854
7	0
8	3.87229102932
9	3.864754897
10	2.80724249394
11	0
12	0
13	3.1708347903
14	3.07988830762
15	0
16	0
17	0
18	0
19	0
20	0
Task set: Num Tasks 150 | Util 35 | Pop Size 200

Utilization 35.0
MW Algorithm
The number of CPU's used is 10
1	3.39411489914
2	3.47155428343
3	3.66487235968
4	3.48937372133
5	3.48848118449
6	3.38626245356
7	3.5317313782
8	3.45517847439
9	3.4977723056
10	3.62065894019
11	0
12	0
13	0
14	0
15	0
16	0
17	0
18	0
19	0
20	0
 
HMWG algorithm
The number of CPU's used is 10
Allocation strategy
1	3.39411489914
2	3.47155428343
3	3.79169147065
4	3.72031404108
5	3.25754086474
6	2.96136819748
7	3.77360180018
8	3.45517847439
9	3.4977723056
10	3.67686366333
11	0
12	0
13	0
14	0
15	0
16	0
17	0
18	0
19	0
20	0
HMMWG algorithm
The number of CPU's used is 10
Allocation strategy
1	3.39411489914
2	3.60805372895
3	3.96098649318
4	3.50680680895
5	3.77326291813
6	2.9465883343
7	3.68645141722
8	3.45517847439
9	0
10	3.25840972297
11	0
12	0
13	0
14	0
15	0
16	0
17	0
18	0
19	3.41014720278
20	0
Task set: Num Tasks 200 | Util 35 | Pop Size 200

Utilization 35.0
MW Algorithm
The number of CPU's used is 10
1	3.41942451266
2	3.64135597349
3	3.43189731432
4	3.43943007234
5	3.45558909158
6	3.52968547449
7	3.46091369451
8	3.46897719942
9	3.46731388345
10	3.68541278374
11	0
12	0
13	0
14	0
15	0
16	0
17	0
18	0
19	0
20	0
 
HMWG algorithm
The number of CPU's used is 10
Allocation strategy
1	3.41942451266
2	3.64135597349
3	3.89689449745
4	3.38578947154
5	3.01483399465
6	3.14615471878
7	3.70217058032
8	3.46897719942
9	3.63898626794
10	3.68541278374
11	0
12	0
13	0
14	0
15	0
16	0
17	0
18	0
19	0
20	0
HMMWG algorithm
The number of CPU's used is 10
Allocation strategy
1	3.15970505736
2	3.92609493328
3	3.66389442945
4	3.04119425296
5	3.22571518456
6	3.83238909923
7	3.53404880318
8	3.37282483952
9	0
10	0
11	3.68837207833
12	0
13	0
14	0
15	0
16	3.55576132213
17	0
18	0
19	0
20	0
Task set: Num Tasks 300 | Util 35 | Pop Size 200

Utilization 35.0
MW Algorithm
The number of CPU's used is 9
1	3.86453126226
2	3.85375906752
3	3.81745684728
4	3.95442137824
5	3.95618544894
6	3.85516206481
7	3.86839238519
8	3.93438041857
9	3.89571112718
10	0
11	0
12	0
13	0
14	0
15	0
16	0
17	0
18	0
19	0
20	0
 
HMWG algorithm
The number of CPU's used is 9
Allocation strategy
1	3.96925025232
2	3.95286324872
3	3.81860058834
4	3.95442137824
5	3.95618544894
6	3.85516206481
7	3.74095331373
8	3.96157156777
9	3.79099213712
10	0
11	0
12	0
13	0
14	0
15	0
16	0
17	0
18	0
19	0
20	0
HMMWG algorithm
The number of CPU's used is 9
Allocation strategy
1	3.83602515601
2	3.85375906752
3	3.81745684728
4	3.95442137824
5	3.84757610183
6	0
7	0
8	0
9	3.8119454656
10	3.96749656638
11	0
12	3.98710218369
13	0
14	3.92421723343
15	0
16	0
17	0
18	0
19	0
20	0
Task set: Num Tasks 100 | Util 45 | Pop Size 200

Utilization 45.0
MW Algorithm
The number of CPU's used is 13
1	3.24798794665
2	3.25518670468
3	3.48838621458
4	3.37804593064
5	3.74685402638
6	3.23429580879
7	3.56878720892
8	3.31053105396
9	3.49404883479
10	3.62492499119
11	3.37246057777
12	3.52414964507
13	3.75434105656
14	0
15	0
16	0
17	0
18	0
19	0
20	0
 
HMWG algorithm
The number of CPU's used is 14
Allocation strategy
1	3.9048274853
2	3.57820986436
3	3.65385475947
4	2.98354946862
5	3.78514036518
6	2.66973958821
7	2.60519855418
8	3.05652316202
9	3.83599915122
10	2.90360786844
11	3.37246057777
12	3.07671070894
13	2.73592761881
14	0
15	2.83825082747
16	0
17	0
18	0
19	0
20	0
HMMWG algorithm
The number of CPU's used is 13
Allocation strategy
1	3.97607235415
2	3.52362946353
3	3.69853411852
4	3.7824824329
5	3.96260159862
6	2.90176968055
7	3.72774492176
8	2.80919958954
9	3.85419142819
10	0
11	2.78254863893
12	3.20821113576
13	3.58421782025
14	3.1887968173
15	0
16	0
17	0
18	0
19	0
20	0
Task set: Num Tasks 150 | Util 45 | Pop Size 200

Utilization 45.0
MW Algorithm
The number of CPU's used is 12
1	3.73775584297
2	3.75415980916
3	3.66809936369
4	3.84427190199
5	3.87474429295
6	3.61883957515
7	3.66985665307
8	3.70655356977
9	3.86640637852
10	3.67485340784
11	3.95451548892
12	3.62994371596
13	0
14	0
15	0
16	0
17	0
18	0
19	0
20	0
 
HMWG algorithm
The number of CPU's used is 12
Allocation strategy
1	4.01530368968
2	3.53221141078
3	3.66809936369
4	3.98137227867
5	3.826667933
6	3.99320101938
7	3.12808440834
8	3.96361770161
9	3.63212958212
10	3.67485340784
11	3.95451548892
12	3.62994371596
13	0
14	0
15	0
16	0
17	0
18	0
19	0
20	0
HMMWG algorithm
The number of CPU's used is 12
Allocation strategy
1	4.00950096431
2	3.75415980916
3	3.98969860596
4	3.84427190199
5	3.87474429295
6	3.61883957515
7	0
8	0
9	3.66985665307
10	0
11	3.38178740416
12	3.59466125718
13	0
14	3.67802033118
15	0
16	3.95451548892
17	0
18	3.62994371596
19	0
20	0
Task set: Num Tasks 200 | Util 45 | Pop Size 200

Utilization 45.0
MW Algorithm
The number of CPU's used is 12
1	3.63839978019
2	3.66512270368
3	3.64515722715
4	3.75185548915
5	3.79348826654
6	3.79793839134
7	3.85016110413
8	3.70717391586
9	3.74965525539
10	3.80137937804
11	3.91895203431
12	3.68071645423
13	0
14	0
15	0
16	0
17	0
18	0
19	0
20	0
 
HMWG algorithm
The number of CPU's used is 12
Allocation strategy
1	3.88473295019
2	3.91839730345
3	3.74735621157
4	3.54095466749
5	3.79348826654
6	3.66393671087
7	3.95886294137
8	3.48005689099
9	3.65122874123
10	3.59863991644
11	3.93273687764
12	3.82960852222
13	0
14	0
15	0
16	0
17	0
18	0
19	0
20	0
HMMWG algorithm
The number of CPU's used is 13
Allocation strategy
1	3.42838296666
2	3.57140829319
3	3.70030809492
4	3.69992223558
5	3.22068203997
6	3.85310426294
7	3.14492533318
8	3.35748530541
9	3.1578870308
10	2.91736387404
11	0
12	3.51358166455
13	0
14	3.99526270849
15	0
16	0
17	0
18	0
19	3.43968619027
20	0
Task set: Num Tasks 300 | Util 45 | Pop Size 200

Utilization 45.0
MW Algorithm
The number of CPU's used is 12
1	3.76872920114
2	3.76411190083
3	3.74464010171
4	3.70144077214
5	3.75310053883
6	3.76518830347
7	3.76999860434
8	3.84790059892
9	3.67286196966
10	3.73513387358
11	3.75690566804
12	3.71998846734
13	0
14	0
15	0
16	0
17	0
18	0
19	0
20	0
 
HMWG algorithm
The number of CPU's used is 12
Allocation strategy
1	3.90395729088
2	3.94509108172
3	3.86444142365
4	3.55636184561
5	3.72586546696
6	3.59405995938
7	3.76999860434
8	3.84790059892
9	3.42274179468
10	3.6287412066
11	3.75690566804
12	3.98393505925
13	0
14	0
15	0
16	0
17	0
18	0
19	0
20	0
HMMWG algorithm
The number of CPU's used is 12
Allocation strategy
1	3.97873737405
2	3.76411190083
3	3.78892009694
4	3.48932228803
5	3.75310053883
6	0
7	3.59256087325
8	3.94262603456
9	3.84790059892
10	3.63069228564
11	0
12	3.66418542707
13	0
14	3.75690566804
15	0
16	3.79093691384
17	0
18	0
19	0
20	0
