Start scheduler

Task set: Num Tasks 100 | Util 20 | Pop Size 200

Utilization 20.0
MW Algorithm
The number of CPU's used is 6
1	3.35851753152
2	3.32872945496
3	3.46620547736
4	3.34043800017
5	3.2139183829
6	3.29219115309
7	0
8	0
9	0
10	0
11	0
12	0
13	0
14	0
15	0
16	0
17	0
18	0
19	0
20	0
 
HMWG algorithm
The number of CPU's used is 6
Allocation strategy
1	3.14238832434
2	3.64780286104
3	3.70577162581
4	3.12725773486
5	3.26071155681
6	3.11606789714
7	0
8	0
9	0
10	0
11	0
12	0
13	0
14	0
15	0
16	0
17	0
18	0
19	0
20	0

HMMWG algorithm
The number of CPU's used is 6
Allocation strategy
1	3.44598439847
2	3.63357786654
3	3.18523269431
4	3.27763583018
5	3.27672055289
6	0
7	0
8	0
9	0
10	0
11	0
12	0
13	0
14	0
15	0
16	0
17	0
18	0
19	3.18084865761
20	0
Task set: Num Tasks 150 | Util 20 | Pop Size 200

Utilization 20.0
MW Algorithm
The number of CPU's used is 6
1	3.28846628237
2	3.31833695879
3	3.34747336308
4	3.26888283286
5	3.43208951985
6	3.34475104304
7	0
8	0
9	0
10	0
11	0
12	0
13	0
14	0
15	0
16	0
17	0
18	0
19	0
20	0
 
HMWG algorithm
The number of CPU's used is 6
Allocation strategy
1	3.46173267012
2	3.19975934147
3	3.81466500032
4	3.01959281804
5	3.31040622057
6	3.19384394947
7	0
8	0
9	0
10	0
11	0
12	0
13	0
14	0
15	0
16	0
17	0
18	0
19	0
20	0

HMMWG algorithm
The number of CPU's used is 6
Allocation strategy
1	3.4591280928
2	3.19895648341
3	2.99778445074
4	3.09822102244
5	0
6	3.64988397475
7	0
8	0
9	3.59602597587
10	0
11	0
12	0
13	0
14	0
15	0
16	0
17	0
18	0
19	0
20	0
Task set: Num Tasks 200 | Util 20 | Pop Size 200

Utilization 20.0
MW Algorithm
The number of CPU's used is 6
1	3.3505636137
2	3.32445183223
3	3.34141969472
4	3.35208840339
5	3.27701174086
6	3.35446471509
7	0
8	0
9	0
10	0
11	0
12	0
13	0
14	0
15	0
16	0
17	0
18	0
19	0
20	0
 
HMWG algorithm
The number of CPU's used is 6
Allocation strategy
1	3.15305291979
2	3.2111807393
3	3.68297224987
4	2.99521433979
5	3.29876353673
6	3.65881621452
7	0
8	0
9	0
10	0
11	0
12	0
13	0
14	0
15	0
16	0
17	0
18	0
19	0
20	0
HMMWG algorithm
The number of CPU's used is 6
Allocation strategy
1	3.45581763
2	3.21353700622
3	3.68526373742
4	3.12333472023
5	3.31159111335
6	0
7	0
8	0
9	0
10	0
11	0
12	3.21045579278
13	0
14	0
15	0
16	0
17	0
18	0
19	0
20	0
Task set: Num Tasks 300 | Util 20 | Pop Size 200

Utilization 20.0
MW Algorithm
The number of CPU's used is 6
1	3.33499814063
2	3.30210730838
3	3.31479240294
4	3.38400548628
5	3.36107902622
6	3.30301763555
7	0
8	0
9	0
10	0
11	0
12	0
13	0
14	0
15	0
16	0
17	0
18	0
19	0
20	0
 
HMWG algorithm
The number of CPU's used is 6
Allocation strategy
1	3.24552575869
2	3.35433961839
3	3.34835870388
4	3.47347786821
5	3.27528041527
6	3.30301763555
7	0
8	0
9	0
10	0
11	0
12	0
13	0
14	0
15	0
16	0
17	0
18	0
19	0
20	0
HMMWG algorithm
The number of CPU's used is 6
Allocation strategy
1	3.33499814063
2	3.21321660749
3	3.40368310383
4	0
5	3.38400548628
6	0
7	3.36107902622
8	3.30301763555
9	0
10	0
11	0
12	0
13	0
14	0
15	0
16	0
17	0
18	0
19	0
20	0
Task set: Num Tasks 100 | Util 35 | Pop Size 200

Utilization 35.0
MW Algorithm
The number of CPU's used is 10
1	3.57727664182
2	3.46427661425
3	3.3461583863
4	3.6317353634
5	3.44361120929
6	3.45458444035
7	3.39349056497
8	3.55335087203
9	3.77176394141
10	3.36375196618
11	0
12	0
13	0
14	0
15	0
16	0
17	0
18	0
19	0
20	0
 
HMWG algorithm
The number of CPU's used is 10
Allocation strategy
1	3.93737582217
2	3.57798243135
3	3.01254305896
4	3.96546584892
5	3.99992939119
6	3.58914279907
7	3.51261890791
8	3.38826408504
9	3.08823349049
10	2.92844416491
11	0
12	0
13	0
14	0
15	0
16	0
17	0
18	0
19	0
20	0
HMMWG algorithm
The number of CPU's used is 10
Allocation strategy
1	3.39272375373
2	3.49897185356
3	3.92999530437
4	3.69255804175
5	3.28717677232
6	0
7	0
8	3.43382176371
9	3.64338500321
10	3.1721182035
11	3.30738251877
12	0
13	0
14	0
15	0
16	0
17	0
18	0
19	3.64186678508
20	0
Task set: Num Tasks 150 | Util 35 | Pop Size 200

Utilization 35.0
MW Algorithm
The number of CPU's used is 10
1	3.4001934618
2	3.49630563549
3	3.43052993884
4	3.46787211395
5	3.60108334743
6	3.53015957221
7	3.50808242524
8	3.68079212455
9	3.48729538237
10	3.39768599812
11	0
12	0
13	0
14	0
15	0
16	0
17	0
18	0
19	0
20	0
 
HMWG algorithm
The number of CPU's used is 10
Allocation strategy
1	3.1537593455
2	3.9761587973
3	3.05030317253
4	3.25162996707
5	3.62346676763
6	3.56502437998
7	3.14591402028
8	3.88174493969
9	3.82708036712
10	3.52491824289
11	0
12	0
13	0
14	0
15	0
16	0
17	0
18	0
19	0
20	0
HMMWG algorithm
The number of CPU's used is 10
Allocation strategy
1	3.4001934618
2	3.17708295098
3	3.83470227368
4	3.2766259038
5	0
6	3.97365793614
7	3.53015957221
8	3.50808242524
9	3.59584247422
10	0
11	3.30596700381
12	3.39768599812
13	0
14	0
15	0
16	0
17	0
18	0
19	0
20	0
Task set: Num Tasks 200 | Util 35 | Pop Size 200

Utilization 35.0
MW Algorithm
The number of CPU's used is 10
1	3.6453921233
2	3.4259286663
3	3.45702611379
4	3.51444155971
5	3.44296128983
6	3.51229214244
7	3.45038304179
8	3.51292954171
9	3.58619539882
10	3.45245012233
11	0
12	0
13	0
14	0
15	0
16	0
17	0
18	0
19	0
20	0
 
HMWG algorithm
The number of CPU's used is 10
Allocation strategy
1	3.93949886215
2	3.69593580141
3	3.83028737271
4	3.49956621729
5	3.24621884205
6	3.83022565102
7	3.55484401538
8	2.93692301002
9	3.58619539882
10	2.88030482915
11	0
12	0
13	0
14	0
15	0
16	0
17	0
18	0
19	0
20	0
HMMWG algorithm
The number of CPU's used is 10
Allocation strategy
1	3.41186658447
2	3.11947971961
3	3.17935414031
4	3.45339546878
5	3.74647604701
6	3.62729327534
7	3.90590617236
8	0
9	3.67929775013
10	0
11	0
12	3.8320072836
13	0
14	0
15	0
16	0
17	0
18	0
19	0
20	3.04492355838
Task set: Num Tasks 300 | Util 35 | Pop Size 200

Utilization 35.0
MW Algorithm
The number of CPU's used is 9
1	4.01264295968
2	3.90157846582
3	3.88116446065
4	3.86485944906
5	3.98628698566
6	3.78580207115
7	3.86676561895
8	3.86855085149
9	3.83234913753
10	0
11	0
12	0
13	0
14	0
15	0
16	0
17	0
18	0
19	0
20	0
 
HMWG algorithm
The number of CPU's used is 9
Allocation strategy
1	4.01264295968
2	3.90157846582
3	3.82645894867
4	3.98439275588
5	3.98628698566
6	3.84050758313
7	3.74394882203
8	3.86855085149
9	3.83563262763
10	0
11	0
12	0
13	0
14	0
15	0
16	0
17	0
18	0
19	0
20	0
HMMWG algorithm
The number of CPU's used is 9
Allocation strategy
1	4.01264295968
2	3.90157846582
3	3.88116446065
4	3.86485944906
5	0
6	3.98628698566
7	3.78580207115
8	3.86676561895
9	0
10	3.86855085149
11	0
12	3.83234913753
13	0
14	0
15	0
16	0
17	0
18	0
19	0
20	0
Task set: Num Tasks 100 | Util 45 | Pop Size 200

Utilization 45.0
MW Algorithm
The number of CPU's used is 13
1	3.25953826904
2	3.36244088813
3	3.39395889725
4	3.29975942107
5	3.39291079376
6	3.32507869817
7	3.56639300034
8	3.60824418285
9	3.84461781005
10	3.4975307148
11	3.60884577485
12	3.28586935433
13	3.55481219535
14	0
15	0
16	0
17	0
18	0
19	0
20	0
 
HMWG algorithm
The number of CPU's used is 13
Allocation strategy
1	3.98111123131
2	3.59731702007
3	3.66613702047
4	3.9995546084
5	3.82101740403
6	3.60024940676
7	3.12861651442
8	3.06526665888
9	3.84461781005
10	3.23061296995
11	2.82839931687
12	3.01029060051
13	3.22680943829
14	0
15	0
16	0
17	0
18	0
19	0
20	0
HMMWG algorithm
The number of CPU's used is 13
Allocation strategy
1	3.74425570504
2	3.63695630086
3	3.82289847267
4	3.7548510956
5	3.79332387746
6	3.17067822114
7	3.15229956548
8	3.85769980843
9	3.84461781005
10	3.22236000622
11	0
12	0
13	3.12412833885
14	3.28586935433
15	2.59006144387
16	0
17	0
18	0
19	0
20	0
Task set: Num Tasks 150 | Util 45 | Pop Size 200

Utilization 45.0
MW Algorithm
The number of CPU's used is 12
1	3.7778267098
2	3.86213881141
3	3.93418928073
4	3.61938259793
5	3.79764333891
6	3.71751266049
7	3.65370514387
8	3.72429776058
9	3.85146780685
10	3.73725070272
11	3.76323166868
12	3.56135351804
13	0
14	0
15	0
16	0
17	0
18	0
19	0
20	0
 
HMWG algorithm
The number of CPU's used is 12
Allocation strategy
1	3.95940067459
2	3.86213881141
3	3.93418928073
4	3.43780863313
5	3.79764333891
6	3.94091812287
7	3.96709392544
8	3.72429776058
9	3.85146780685
10	3.4421434401
11	3.98849373822
12	3.09440446718
13	0
14	0
15	0
16	0
17	0
18	0
19	0
20	0
HMMWG algorithm
The number of CPU's used is 12
Allocation strategy
1	3.41866241131
2	3.86213881141
3	3.93418928073
4	3.97854689641
5	3.79764333891
6	0
7	3.71751266049
8	3.3843358645
9	3.99366703995
10	0
11	0
12	3.85146780685
13	0
14	3.73725070272
15	0
16	3.76323166868
17	0
18	0
19	3.56135351804
20	0
Task set: Num Tasks 200 | Util 45 | Pop Size 200

Utilization 45.0
MW Algorithm
The number of CPU's used is 12
1	3.75125983265
2	3.71656129118
3	3.79854258199
4	3.64566533293
5	3.83439886804
6	3.77399030205
7	3.71622556591
8	3.8157113694
9	3.81662922593
10	3.77646729043
11	3.65113089427
12	3.70341744522
13	0
14	0
15	0
16	0
17	0
18	0
19	0
20	0
 
HMWG algorithm
The number of CPU's used is 12
Allocation strategy
1	4.02553955057
2	3.88905582735
3	3.52426286407
4	3.53766428632
5	3.83439886804
6	3.77399030205
7	3.71622556591
8	3.8157113694
9	3.64413468977
10	3.96027712045
11	3.75913194089
12	3.5196076152
13	0
14	0
15	0
16	0
17	0
18	0
19	0
20	0
HMMWG algorithm
The number of CPU's used is 13
Allocation strategy
1	3.98111695079
2	3.5757116792
3	3.61643209684
4	3.62919554267
5	3.9707577483
6	0
7	3.08127081895
8	3.07131383186
9	3.59899253925
10	2.87605397917
11	0
12	3.05944388987
13	3.55316546596
14	0
15	0
16	0
17	0
18	3.51110317177
19	3.47544228538
20	0
Task set: Num Tasks 300 | Util 45 | Pop Size 200

Utilization 45.0
MW Algorithm
The number of CPU's used is 12
1	3.78484957535
2	3.73824414513
3	3.7999930989
4	3.73120007224
5	3.71372626883
6	3.76769887105
7	3.74918631605
8	3.8142057937
9	3.72033340278
10	3.71535305363
11	3.67054399505
12	3.7946654073
13	0
14	0
15	0
16	0
17	0
18	0
19	0
20	0
 
HMWG algorithm
The number of CPU's used is 12
Allocation strategy
1	3.78484957535
2	3.98064610865
3	3.9464818596
4	3.73120007224
5	3.71372626883
6	3.76769887105
7	3.51162737111
8	3.92655531225
9	3.60523943653
10	3.71535305363
11	3.67054399505
12	3.64607807571
13	0
14	0
15	0
16	0
17	0
18	0
19	0
20	0
HMMWG algorithm
The number of CPU's used is 12
Allocation strategy
1	3.94206374007
2	3.60260052461
3	3.84670026558
4	3.93452205709
5	3.71372626883
6	3.64827751067
7	3.74918631605
8	3.82745167086
9	0
10	3.6547636267
11	3.34470302251
12	0
13	0
14	3.78996535542
15	0
16	0
17	0
18	0
19	3.9460396416
20	0
