Start scheduler

Task set: Num Tasks 300 | Util 45 | Pop Size 200

Utilization 44.2990579424
MW Algorithm

Genetic Algorithm
The number of CPU's used is 13
Allocation strategy
1	3.77762738396
2	3.52714248139
3	3.30827337957
4	3.44462757091
5	3.10802781432
6	3.10048452355
7	3.3225821378
8	3.7388139807
9	3.50102460801
10	3.53523260294
11	3.31878965016
12	3.33187095895
13	3.28456085013
14	0
15	0
16	0
17	0
18	0
19	0
20	0

Genetic Algorithm
The number of CPU's used is 12
Allocation strategy
1	0
2	3.51961375293
3	3.63619776003
4	3.53753231831
5	0
6	3.76281594827
7	3.91351891476
8	3.93301597991
9	3.95130562472
10	0
11	3.33325955455
12	3.53650438881
13	0
14	3.73742756511
15	3.73474807274
16	0
17	0
18	0
19	3.70311806225
20	0

