Start scheduler

Task set: Num Tasks 150 | Util 35 | Pop Size 200

Utilization 38.0235583789
Genetic Algorithm
The number of CPU's used is 18
Allocation strategy
1	2.4426667976
2	1.97487892255
3	1.96683804174
4	2.60425607112
5	1.96606852326
6	1.92382105201
7	1.91660138064
8	1.97077490223
9	2.6038703919
10	1.97424753757
11	1.98964304289
12	1.9694365225
13	1.90974148158
14	1.99444346432
15	2.53537778786
16	2.4160047299
17	0
18	1.92236023135
19	0
20	1.94252749789

MW Algorithm
The number of CPU's used is 11
Allocation strategy
1	3.59246307622
2	3.21673496193
3	3.62645644105
4	3.54520727666
5	3.03994298707
6	3.61917495478
7	3.65381091902
8	3.57125716048
9	3.68463108974
10	3.5488664508
11	2.92501306116
12	0
13	0
14	0
15	0
16	0
17	0
18	0
19	0
20	0

HybridWGA algorithm
The number of CPU's used is 11
Allocation strategy
1	0
2	0
3	0
4	3.44399248976
5	0
6	0
7	3.48805098548
8	3.5352686887
9	3.42521481128
10	3.40339882105
11	3.30940489284
12	3.54650843788
13	3.45710779599
14	0
15	0
16	0
17	3.2715683023
18	0
19	3.60374064497
20	3.53930250865

Genetic Algorithm
The number of CPU's used is 11
Allocation strategy
1	0
2	0
3	0
4	3.53350116863
5	0
6	0
7	3.09879750396
8	3.54781626991
9	3.43138015502
10	3.47255951774
11	3.30940489284
12	3.54650843788
13	3.74956362077
14	0
15	0
16	0
17	3.3082879108
18	0
19	3.50765700864
20	3.5180818927

