Start scheduler

Task set: Num Tasks 100 | Util 20 | Pop Size 200

Utilization 20.0
HMWG algorithm
The number of CPU's used is 6
1	0
2	0
3	0
4	0
5	0
6	3.66248124066
7	0
8	0
9	0
10	3.24850502175
11	0
12	3.65740352335
13	0
14	3.77855121335
15	2.86056284154
16	0
17	0
18	0
19	2.79249615936
20	0
eChromo: 498.704745433

HBaBG algorithm
The number of CPU's used is 6
1	3.41181001608
2	3.61940777612
3	3.18618958989
4	3.29968119015
5	3.29915258508
6	3.18375884269
7	0
8	0
9	0
10	0
11	0
12	0
13	0
14	0
15	0
16	0
17	0
18	0
19	0
20	0
eChromo: 541.701001438

Task set: Num Tasks 150 | Util 20 | Pop Size 200

Utilization 20.0
HMWG algorithm
The number of CPU's used is 6
1	0
2	0
3	0
4	0
5	0
6	3.66165339155
7	0
8	0
9	0
10	2.83911137873
11	0
12	3.38934568556
13	0
14	3.25911444879
15	3.19651338978
16	0
17	0
18	0
19	3.65426170558
20	0
eChromo: 498.183662144

HBaBG algorithm
The number of CPU's used is 6
1	3.46665640827
2	3.61651533062
3	3.17883830707
4	3.26171479279
5	3.28608368286
6	3.19019147838
7	0
8	0
9	0
10	0
11	0
12	0
13	0
14	0
15	0
16	0
17	0
18	0
19	0
20	0
eChromo: 541.656896561

Task set: Num Tasks 200 | Util 20 | Pop Size 200

Utilization 20.0
HMWG algorithm
The number of CPU's used is 6
1	0
2	0
3	0
4	0
5	0
6	3.65587869145
7	0
8	0
9	0
10	3.22941493294
11	0
12	3.35217637662
13	0
14	3.28624744444
15	2.83508751056
16	0
17	0
18	0
19	3.64119504399
20	0
eChromo: 498.998542275

HBaBG algorithm
The number of CPU's used is 6
1	3.43321049606
2	3.61301040983
3	3.18595449757
4	3.54312192813
5	3.29390980614
6	2.93079286227
7	0
8	0
9	0
10	0
11	0
12	0
13	0
14	0
15	0
16	0
17	0
18	0
19	0
20	0
eChromo: 541.650257995

Task set: Num Tasks 300 | Util 20 | Pop Size 200

Utilization 20.0
HMWG algorithm
The number of CPU's used is 6
1	0
2	0
3	0
4	0
5	0
6	3.16399416577
7	0
8	0
9	0
10	3.25520675064
11	0
12	3.31851353649
13	0
14	3.28884441046
15	3.33555984821
16	0
17	0
18	0
19	3.63788128843
20	0
eChromo: 498.648501617

HBaBG algorithm
The number of CPU's used is 6
1	3.45672049589
2	3.62430376763
3	3.18640685977
4	3.54227362324
5	3.29425257116
6	2.89604268231
7	0
8	0
9	0
10	0
11	0
12	0
13	0
14	0
15	0
16	0
17	0
18	0
19	0
20	0
eChromo: 541.650257995

Task set: Num Tasks 100 | Util 35 | Pop Size 200

Utilization 35.0
HMWG algorithm
The number of CPU's used is 10
1	0
2	3.5560637803
3	0
4	3.55466307596
5	0
6	3.66229985662
7	0
8	3.49214071066
9	0
10	3.17701967765
11	0
12	3.66232124391
13	3.52910984015
14	3.78011388696
15	2.95952127677
16	0
17	0
18	0
19	3.62674665101
20	0
eChromo: 386.209753829

HBaBG algorithm
The number of CPU's used is 10
1	3.45912197489
2	3.61118775976
3	3.17131495159
4	3.49960418952
5	3.30741884981
6	3.63153459506
7	0
8	3.48518872428
9	0
10	3.69885279145
11	0
12	3.34518719725
13	0
14	3.79058896639
15	0
16	0
17	0
18	0
19	0
20	0
eChromo: 416.160741583

Task set: Num Tasks 150 | Util 35 | Pop Size 200

Utilization 35.0
HMWG algorithm
The number of CPU's used is 10
1	0
2	3.61215830092
3	0
4	3.55229620354
5	0
6	3.666644004
7	0
8	3.5129778946
9	0
10	3.2007746847
11	0
12	3.5997954146
13	3.14860605777
14	3.77556935927
15	3.2978432261
16	0
17	0
18	0
19	3.63333485449
20	0
eChromo: 386.781334518

HBaBG algorithm
The number of CPU's used is 10
1	3.46466218323
2	3.61708012303
3	3.18624802223
4	3.55065590057
5	3.30744528453
6	3.66461267159
7	0
8	3.50913215045
9	0
10	3.25319382563
11	0
12	3.67208262869
13	0
14	3.77488721006
15	0
16	0
17	0
18	0
19	0
20	0
eChromo: 418.400437696

Task set: Num Tasks 200 | Util 35 | Pop Size 200

Utilization 35.0
HMWG algorithm
The number of CPU's used is 10
1	0
2	3.56932142869
3	0
4	3.55556944533
5	0
6	3.65231503412
7	0
8	3.50577658611
9	0
10	3.72841909584
11	0
12	3.16028029161
13	3.24043547515
14	3.74644026778
15	3.19407936429
16	0
17	0
18	0
19	3.64736301108
20	0
eChromo: 386.329015214

HBaBG algorithm
The number of CPU's used is 10
1	3.46914856061
2	3.61638882345
3	3.18375261611
4	3.55505927544
5	3.31214923388
6	3.66386813226
7	0
8	3.51849464218
9	0
10	3.71856124045
11	0
12	3.19304726738
13	0
14	3.76953020825
15	0
16	0
17	0
18	0
19	0
20	0
eChromo: 417.799188449

Task set: Num Tasks 300 | Util 35 | Pop Size 200

Utilization 35.0
HMWG algorithm
The number of CPU's used is 10
1	0
2	3.59176756186
3	0
4	3.5391597726
5	0
6	3.65451964252
7	0
8	3.51720467083
9	0
10	3.71601604647
11	0
12	3.65725157878
13	3.56415479693
14	3.01269053705
15	3.27284390059
16	0
17	0
18	0
19	3.47439149236
20	0
eChromo: 387.336459521

HBaBG algorithm
The number of CPU's used is 10
1	3.47130721253
2	3.62199906269
3	3.19421132549
4	3.55734703157
5	3.30817278692
6	3.66683507955
7	0
8	3.5177532203
9	0
10	3.72690401029
11	0
12	3.66958883723
13	0
14	3.26588143343
15	0
16	0
17	0
18	0
19	0
20	0
eChromo: 418.864847856

Task set: Num Tasks 100 | Util 45 | Pop Size 200

Utilization 45.0
HMWG algorithm
The number of CPU's used is 13
1	3.45504225909
2	3.51521692021
3	0
4	3.48331567073
5	0
6	3.66864881361
7	0
8	3.51342616782
9	0
10	3.69302000403
11	0
12	3.67011495674
13	3.21113369245
14	3.76822027521
15	3.32975187347
16	0
17	2.65090133908
18	0
19	3.55427156481
20	3.48693646275
eChromo: 303.931271973

HBaBG algorithm
The number of CPU's used is 13
1	3.38377364845
2	3.61544159926
3	3.17596340125
4	3.50081389437
5	3.28025363292
6	3.66468807015
7	0
8	3.45760363949
9	3.07247747365
10	3.72675538098
11	0
12	3.65911221139
13	0
14	2.99263750715
15	3.81656018184
16	0
17	0
18	0
19	3.65391935909
20	0
eChromo: 329.976714742

Task set: Num Tasks 150 | Util 45 | Pop Size 200

Utilization 45.0
HMWG algorithm
The number of CPU's used is 13
1	3.45647743721
2	3.56410248925
3	0
4	3.53529384763
5	0
6	3.66014858826
7	0
8	3.50820510944
9	0
10	3.68092536408
11	0
12	2.85659955332
13	3.55918787017
14	3.75077683568
15	2.87416409826
16	0
17	3.39044734828
18	0
19	3.65532515102
20	3.50834630739
eChromo: 304.340971032

HBaBG algorithm
The number of CPU's used is 13
1	3.4026954853
2	3.6229383982
3	3.19476741902
4	3.54352791781
5	3.28726520073
6	3.63413576727
7	0
8	3.51955696644
9	3.16743078491
10	3.25666099001
11	0
12	3.66003840603
13	0
14	3.78746204649
15	3.28671010183
16	0
17	0
18	0
19	3.63681051596
20	0
eChromo: 333.992808578

Task set: Num Tasks 200 | Util 45 | Pop Size 200

Utilization 45.0
HMWG algorithm
The number of CPU's used is 13
1	3.46209601364
2	3.61078001171
3	0
4	3.55637504359
5	0
6	3.66310529097
7	0
8	3.5080369589
9	0
10	3.71922083786
11	0
12	3.66902501011
13	3.23600243793
14	3.7525672266
15	3.30998517015
16	0
17	3.36307033188
18	0
19	3.2412709475
20	2.90846471917
eChromo: 304.62252814

HBaBG algorithm
The number of CPU's used is 13
1	3.46849027854
2	3.60570994073
3	3.17707855615
4	3.55640807558
5	3.31167018469
6	3.63048929926
7	0
8	3.51956035878
9	3.1522329031
10	3.73130328355
11	0
12	3.65336415377
13	0
14	3.76183824424
15	3.27865406852
16	0
17	0
18	0
19	3.15320065308
20	0
eChromo: 333.50482811

Task set: Num Tasks 300 | Util 45 | Pop Size 200

Utilization 45.0
HMWG algorithm
The number of CPU's used is 13
1	3.45857580076
2	3.6037820134
3	0
4	3.55765434838
5	0
6	3.66458111678
7	0
8	3.51939747251
9	0
10	3.72695677093
11	0
12	3.66711543704
13	3.5674677604
14	2.97245588409
15	3.26222539392
16	0
17	2.88806267242
18	0
19	3.61409450323
20	3.49763082614
eChromo: 306.701756816

HBaBG algorithm
The number of CPU's used is 13
1	3.47036961823
2	3.62349186658
3	3.18571888868
4	3.55407095172
5	3.31267573838
6	3.65659333604
7	0
8	3.50306321854
9	3.16802816233
10	3.5413712739
11	0
12	3.20374682785
13	0
14	3.78103777946
15	3.35935424084
16	0
17	0
18	0
19	3.64047809744
20	0
eChromo: 334.678088825

