Start scheduler

Task set: Num Tasks 100 | Util 20 | Pop Size 200

Utilization 20.0
HMWG algorithm
The number of CPU's used is 6
1	0
2	0
3	0
4	0
5	0
6	3.19136022891
7	0
8	0
9	0
10	3.71079427148
11	0
12	3.66141137809
13	0
14	3.03851653603
15	2.9425585262
16	0
17	0
18	0
19	3.45535905928
20	0
eChromo: 498.759090535

HBaBG algorithm
The number of CPU's used is 6
1	3.45945929138
2	3.62045755383
3	3.14926801414
4	3.55313906347
5	3.27925269415
6	2.93842338303
7	0
8	0
9	0
10	0
11	0
12	0
13	0
14	0
15	0
16	0
17	0
18	0
19	0
20	0
eChromo: 541.650257995

Task set: Num Tasks 150 | Util 20 | Pop Size 200

Utilization 20.0
HMWG algorithm
The number of CPU's used is 6
1	0
2	0
3	0
4	0
5	0
6	3.63707270348
7	0
8	0
9	0
10	2.88334417516
11	0
12	3.59910311114
13	0
14	3.28890526125
15	2.94690988538
16	0
17	0
18	0
19	3.64466486359
20	0
eChromo: 498.645410287

HBaBG algorithm
The number of CPU's used is 6
1	3.46311843515
2	3.61472869399
3	3.18867231269
4	3.52484018934
5	3.29534270158
6	2.91329766725
7	0
8	0
9	0
10	0
11	0
12	0
13	0
14	0
15	0
16	0
17	0
18	0
19	0
20	0
eChromo: 541.650257995

Task set: Num Tasks 200 | Util 20 | Pop Size 200

Utilization 20.0
HMWG algorithm
The number of CPU's used is 6
1	0
2	0
3	0
4	0
5	0
6	3.66705447674
7	0
8	0
9	0
10	3.73128530724
11	0
12	3.41813918589
13	0
14	2.97374654202
15	3.21441746997
16	0
17	0
18	0
19	2.99535701814
20	0
eChromo: 497.79409353

HBaBG algorithm
The number of CPU's used is 6
1	3.46400512915
2	3.62335346029
3	3.15736351845
4	3.5573296343
5	3.30408276275
6	2.89386549507
7	0
8	0
9	0
10	0
11	0
12	0
13	0
14	0
15	0
16	0
17	0
18	0
19	0
20	0
eChromo: 541.650257995

Task set: Num Tasks 300 | Util 20 | Pop Size 200

Utilization 20.0
HMWG algorithm
The number of CPU's used is 6
1	0
2	0
3	0
4	0
5	0
6	2.91826222383
7	0
8	0
9	0
10	3.55373435185
11	0
12	3.65280568884
13	0
14	3.28377852219
15	3.28716888748
16	0
17	0
18	0
19	3.30425032582
20	0
eChromo: 497.807634871

HBaBG algorithm
The number of CPU's used is 6
1	3.45919883629
2	3.6241074939
3	3.19565149793
4	3.2516361409
5	3.30587853675
6	3.16352749423
7	0
8	0
9	0
10	0
11	0
12	0
13	0
14	0
15	0
16	0
17	0
18	0
19	0
20	0
eChromo: 541.701001438

Task set: Num Tasks 100 | Util 35 | Pop Size 200

Utilization 35.0
HMWG algorithm
The number of CPU's used is 10
1	0
2	3.54100013821
3	0
4	3.55316616445
5	0
6	3.65269200328
7	0
8	3.51186135566
9	0
10	3.71467548142
11	0
12	3.14682219489
13	3.14173105163
14	3.77616091657
15	3.32294268871
16	0
17	0
18	0
19	3.63894800519
20	0
eChromo: 386.251025778

HBaBG algorithm
The number of CPU's used is 10
1	3.46687589553
2	3.62272456726
3	3.1875677787
4	3.55512663327
5	3.29714226744
6	3.66724544525
7	0
8	3.51869017127
9	0
10	3.26203673857
11	0
12	3.63473903142
13	0
14	3.78785147128
15	0
16	0
17	0
18	0
19	0
20	0
eChromo: 418.356332818

Task set: Num Tasks 150 | Util 35 | Pop Size 200

Utilization 35.0
HMWG algorithm
The number of CPU's used is 10
1	0
2	3.62370027949
3	0
4	3.5499927981
5	0
6	3.595315274
7	0
8	3.51896246716
9	0
10	3.26231801963
11	0
12	3.67035338847
13	3.56406016467
14	3.78752932626
15	2.78977725465
16	0
17	0
18	0
19	3.63799102758
20	0
eChromo: 386.826891502

HBaBG algorithm
The number of CPU's used is 10
1	3.46763021636
2	3.61473813503
3	3.19747823325
4	3.55185588916
5	3.31057645164
6	3.65720599093
7	0
8	3.50137104928
9	0
10	3.25339102168
11	0
12	3.65700594783
13	0
14	3.78874706484
15	0
16	0
17	0
18	0
19	0
20	0
eChromo: 418.32949719

Task set: Num Tasks 200 | Util 35 | Pop Size 200

Utilization 35.0
HMWG algorithm
The number of CPU's used is 10
1	0
2	3.61345621634
3	0
4	3.54112631973
5	0
6	3.66513417807
7	0
8	3.50493129182
9	0
10	3.73001488747
11	0
12	3.64071988674
13	3.56565100678
14	3.12129959325
15	2.96249375938
16	0
17	0
18	0
19	3.65517286042
20	0
eChromo: 386.464633656

HBaBG algorithm
The number of CPU's used is 10
1	3.47061122683
2	3.62308569284
3	3.19748305667
4	3.54834200192
5	3.30624307517
6	3.66780059711
7	0
8	3.51619165729
9	0
10	3.73238783073
11	0
12	3.66368810522
13	0
14	3.27416675624
15	0
16	0
17	0
18	0
19	0
20	0
eChromo: 418.864847856

Task set: Num Tasks 300 | Util 35 | Pop Size 200

Utilization 35.0
HMWG algorithm
The number of CPU's used is 10
1	0
2	3.61989649526
3	0
4	3.53742724669
5	0
6	3.6676739562
7	0
8	3.51925940201
9	0
10	3.53914010964
11	0
12	3.04088765263
13	3.56754432945
14	3.77557583465
15	3.30427526131
16	0
17	0
18	0
19	3.42831971213
20	0
eChromo: 386.49393402

HBaBG algorithm
The number of CPU's used is 10
1	3.47068886986
2	3.6146365408
3	3.19328170935
4	3.55063164234
5	3.30181022071
6	3.66497418941
7	0
8	3.51540141823
9	0
10	3.73306227479
11	0
12	3.66786722995
13	0
14	3.28764590456
15	0
16	0
17	0
18	0
19	0
20	0
eChromo: 418.864847856

Task set: Num Tasks 100 | Util 45 | Pop Size 200

Utilization 45.0
HMWG algorithm
The number of CPU's used is 13
1	3.45188470012
2	3.62409071186
3	0
4	3.51071177536
5	0
6	3.65998753115
7	0
8	3.50955773582
9	0
10	3.73309658909
11	0
12	3.67097959826
13	3.51194641546
14	3.78443989742
15	2.48486276943
16	0
17	2.96319886784
18	0
19	3.63151033029
20	3.46373307791
eChromo: 304.110534045

HBaBG algorithm
The number of CPU's used is 13
1	3.45501306682
2	3.61823174629
3	3.18815165484
4	3.54339126163
5	3.26004971457
6	3.6359183182
7	0
8	3.44285095012
9	3.00584521543
10	3.72855997268
11	0
12	3.66778214379
13	0
14	3.03262445203
15	3.77959112246
16	0
17	0
18	0
19	3.64199038113
20	0
eChromo: 329.976714742

Task set: Num Tasks 150 | Util 45 | Pop Size 200

Utilization 45.0
HMWG algorithm
The number of CPU's used is 13
1	3.44012948426
2	3.6037291155
3	0
4	3.53798596711
5	0
6	3.66096759101
7	0
8	3.51636170058
9	0
10	3.15254456139
11	0
12	3.66898448687
13	3.53392255856
14	3.0328852345
15	3.76615889255
16	0
17	3.3523954811
18	0
19	3.64583342072
20	3.08810150586
eChromo: 305.37914554

HBaBG algorithm
The number of CPU's used is 13
1	3.43312906413
2	3.60762422249
3	3.19364956844
4	3.5183483978
5	3.30998682846
6	3.61386905737
7	0
8	3.51273951997
9	3.15751559984
10	3.69907417824
11	0
12	3.63363022099
13	0
14	3.75370082419
15	2.92484828571
16	0
17	0
18	0
19	3.64188423237
20	0
eChromo: 331.934389771

Task set: Num Tasks 200 | Util 45 | Pop Size 200

Utilization 45.0
HMWG algorithm
The number of CPU's used is 13
1	3.44956023811
2	3.58770341933
3	0
4	3.54674706198
5	0
6	3.66844735343
7	0
8	3.46505886773
9	0
10	3.24046706629
11	0
12	3.66167077143
13	3.56459061977
14	3.78672113038
15	3.80893576191
16	0
17	2.56311639272
18	0
19	3.63748834721
20	3.01949296971
eChromo: 304.998047695

HBaBG algorithm
The number of CPU's used is 13
1	3.46673900458
2	3.60633365479
3	3.19237854874
4	3.55318773658
5	3.27783236685
6	3.61173878827
7	0
8	3.51423805981
9	3.12510564925
10	3.72992942167
11	0
12	3.66626751552
13	0
14	3.78899153617
15	3.28055519959
16	0
17	0
18	0
19	3.18670251818
20	0
eChromo: 333.531663738

Task set: Num Tasks 300 | Util 45 | Pop Size 200

Utilization 45.0
HMWG algorithm
The number of CPU's used is 13
1	3.44383758264
2	3.61735165579
3	0
4	3.54630948997
5	0
6	3.66262737181
7	0
8	3.51385032933
9	0
10	3.71993620896
11	0
12	2.98000357614
13	3.22074420806
14	3.78429723691
15	2.94898323651
16	0
17	3.39811569862
18	0
19	3.65561682288
20	3.50832658237
eChromo: 306.413215097

HBaBG algorithm
The number of CPU's used is 13
1	3.46271004068
2	3.61849055905
3	3.18098653989
4	3.55358242715
5	3.3123210443
6	3.66655987288
7	0
8	3.51400222416
9	3.16588270276
10	3.73309134769
11	0
12	3.66419035394
13	0
14	2.65312069788
15	3.82037196335
16	0
17	0
18	0
19	3.65469022627
20	0
eChromo: 332.934141379

