Start scheduler

Task set: Num Tasks 100 | Util 20 | Pop Size 200

Utilization 20.0
HMWG algorithm
The number of CPU's used is 6
1	0
2	0
3	0
4	0
5	0
6	3.59867984228
7	0
8	0
9	0
10	3.71369867217
11	0
12	3.64954060321
13	0
14	3.01249139508
15	2.86078756204
16	0
17	0
18	0
19	3.16480192522
20	0
eChromo: 497.80519668

HBaBG algorithm
The number of CPU's used is 6
1	3.43549631104
2	3.59301072328
3	3.18916591957
4	3.5553446689
5	3.30292480704
6	2.92405757018
7	0
8	0
9	0
10	0
11	0
12	0
13	0
14	0
15	0
16	0
17	0
18	0
19	0
20	0
eChromo: 541.650257995

Task set: Num Tasks 150 | Util 20 | Pop Size 200

Utilization 20.0
HMWG algorithm
The number of CPU's used is 6
1	0
2	0
3	0
4	0
5	0
6	3.66526722054
7	0
8	0
9	0
10	3.69902609673
11	0
12	3.15763032412
13	0
14	3.24008795112
15	2.58270787691
16	0
17	0
18	0
19	3.65528053057
20	0
eChromo: 497.737448562

HBaBG algorithm
The number of CPU's used is 6
1	3.45333403506
2	3.61397139116
3	3.19612556847
4	3.55444662145
5	3.29669077297
6	2.8854316109
7	0
8	0
9	0
10	0
11	0
12	0
13	0
14	0
15	0
16	0
17	0
18	0
19	0
20	0
eChromo: 541.650257995

Task set: Num Tasks 200 | Util 20 | Pop Size 200

Utilization 20.0
HMWG algorithm
The number of CPU's used is 6
1	0
2	0
3	0
4	0
5	0
6	3.66602113298
7	0
8	0
9	0
10	3.73038281544
11	0
12	3.41609597428
13	0
14	3.18760547658
15	2.86235132896
16	0
17	0
18	0
19	3.13754327175
20	0
eChromo: 498.581502312

HBaBG algorithm
The number of CPU's used is 6
1	3.45701469822
2	3.60715758413
3	3.19658055696
4	3.55576699697
5	3.30776149516
6	2.87571866857
7	0
8	0
9	0
10	0
11	0
12	0
13	0
14	0
15	0
16	0
17	0
18	0
19	0
20	0
eChromo: 541.650257995

Task set: Num Tasks 300 | Util 20 | Pop Size 200

Utilization 20.0
HMWG algorithm
The number of CPU's used is 6
1	0
2	0
3	0
4	0
5	0
6	3.66751097719
7	0
8	0
9	0
10	3.72145642838
11	0
12	3.09595551407
13	0
14	3.02357603815
15	2.83747222073
16	0
17	0
18	0
19	3.65402882148
20	0
eChromo: 498.531309885

HBaBG algorithm
The number of CPU's used is 6
1	3.45728692136
2	3.62397208133
3	3.19479628451
4	3.27368433994
5	3.31249843738
6	3.13776193549
7	0
8	0
9	0
10	0
11	0
12	0
13	0
14	0
15	0
16	0
17	0
18	0
19	0
20	0
eChromo: 541.67416581

Task set: Num Tasks 100 | Util 35 | Pop Size 200

Utilization 35.0
HMWG algorithm
The number of CPU's used is 10
1	0
2	3.56357184017
3	0
4	3.55390800229
5	0
6	3.66628218243
7	0
8	3.44396720698
9	0
10	3.69894060409
11	0
12	3.64041681294
13	3.52769553545
14	3.01797668588
15	3.23559309422
16	0
17	0
18	0
19	3.65164803555
20	0
eChromo: 385.48021509

HBaBG algorithm
The number of CPU's used is 10
1	3.46191632056
2	3.21000761487
3	3.19651316769
4	3.5001291194
5	3.30844562855
6	3.65870500642
7	0
8	3.49737595609
9	0
10	3.72785237322
11	0
12	3.66390361136
13	0
14	3.77515120183
15	0
16	0
17	0
18	0
19	0
20	0
eChromo: 416.498412815

Task set: Num Tasks 150 | Util 35 | Pop Size 200

Utilization 35.0
HMWG algorithm
The number of CPU's used is 10
1	0
2	3.57859813699
3	0
4	3.55517219843
5	0
6	3.65576401357
7	0
8	3.48092875228
9	0
10	3.7330324667
11	0
12	3.64956889006
13	3.0869557679
14	3.76847812184
15	2.83711279512
16	0
17	0
18	0
19	3.6543888571
20	0
eChromo: 386.682757521

HBaBG algorithm
The number of CPU's used is 10
1	3.47142727821
2	3.61841838691
3	3.19049917257
4	3.54990473834
5	3.29656070675
6	3.64576626422
7	0
8	3.51853101449
9	0
10	3.25115815013
11	0
12	3.66812229743
13	0
14	3.78961199093
15	0
16	0
17	0
18	0
19	0
20	0
eChromo: 418.356332818

Task set: Num Tasks 200 | Util 35 | Pop Size 200

Utilization 35.0
HMWG algorithm
The number of CPU's used is 10
1	0
2	3.62033359979
3	0
4	3.0078708244
5	0
6	3.66730749859
7	0
8	3.51206082498
9	0
10	3.72331009433
11	0
12	3.64814547796
13	3.56008882083
14	3.78938443095
15	2.85771434706
16	0
17	0
18	0
19	3.61378408111
20	0
eChromo: 385.692257561

HBaBG algorithm
The number of CPU's used is 10
1	3.46681436265
2	3.61586714123
3	3.19150935872
4	3.55505346071
5	3.30114473935
6	3.66382873817
7	0
8	3.51520941174
9	0
10	3.73230866619
11	0
12	3.66747218919
13	0
14	3.29079193204
15	0
16	0
17	0
18	0
19	0
20	0
eChromo: 418.864847856

Task set: Num Tasks 300 | Util 35 | Pop Size 200

Utilization 35.0
HMWG algorithm
The number of CPU's used is 10
1	0
2	3.61318157251
3	0
4	3.55608706696
5	0
6	3.66582810443
7	0
8	3.51697720082
9	0
10	3.72654668169
11	0
12	3.67036894215
13	3.56314677507
14	3.02096971242
15	3.27522521833
16	0
17	0
18	0
19	3.39166872563
20	0
eChromo: 387.336459521

HBaBG algorithm
The number of CPU's used is 10
1	3.46373933912
2	3.62225767857
3	3.19592048007
4	3.55200840653
5	3.30796745025
6	3.66799273468
7	0
8	3.51708071537
9	0
10	3.7314045876
11	0
12	3.66763488615
13	0
14	3.27399372167
15	0
16	0
17	0
18	0
19	0
20	0
eChromo: 418.908952733

Task set: Num Tasks 100 | Util 45 | Pop Size 200

Utilization 45.0
HMWG algorithm
The number of CPU's used is 13
1	3.45070202242
2	3.17029503847
3	0
4	3.55209181169
5	0
6	3.62926159584
7	0
8	3.51830812283
9	0
10	3.22961838372
11	0
12	3.2534328055
13	3.55111717138
14	3.75929075861
15	3.80463616777
16	0
17	3.39397482312
18	0
19	3.59674451402
20	3.09052678463
eChromo: 303.744911255

HBaBG algorithm
The number of CPU's used is 13
1	3.4461716898
2	3.60174144117
3	3.18272691089
4	3.52694335829
5	3.3084842341
6	3.65729512793
7	0
8	3.45579870361
9	3.12284562718
10	2.86392377681
11	0
12	3.62397369671
13	0
14	3.78104276631
15	3.81159537911
16	0
17	0
18	0
19	3.6174572881
20	0
eChromo: 330.762146232

Task set: Num Tasks 150 | Util 45 | Pop Size 200

Utilization 45.0
HMWG algorithm
The number of CPU's used is 13
1	3.42689972339
2	3.6231901886
3	0
4	3.50149469916
5	0
6	3.63836687434
7	0
8	3.51695081963
9	0
10	3.71351509664
11	0
12	3.10503573523
13	3.47490490048
14	3.78182328175
15	3.80225723681
16	0
17	3.37785526551
18	0
19	3.60316559089
20	2.43454058757
eChromo: 304.165321162

HBaBG algorithm
The number of CPU's used is 13
1	3.45969672456
2	3.60567253023
3	3.1497863993
4	3.5076342331
5	3.31199799649
6	3.64555499151
7	0
8	3.49276486473
9	3.15690853999
10	3.72599356833
11	0
12	3.66335440908
13	0
14	3.77496376402
15	2.85380151566
16	0
17	0
18	0
19	3.65187046301
20	0
eChromo: 333.058797863

Task set: Num Tasks 200 | Util 45 | Pop Size 200

Utilization 45.0
HMWG algorithm
The number of CPU's used is 13
1	3.45197524948
2	3.6114100047
3	0
4	3.55421169735
5	0
6	3.66104605864
7	0
8	3.50735052338
9	0
10	3.72840606732
11	0
12	3.66657831416
13	3.12911065352
14	3.28039344912
15	3.79957378276
16	0
17	3.30598151375
18	0
19	3.65481250002
20	2.64915018579
eChromo: 305.878748011

HBaBG algorithm
The number of CPU's used is 13
1	3.46317980729
2	3.62338748018
3	3.15332119174
4	3.52467880436
5	3.30502348897
6	3.62644206595
7	0
8	3.4752331046
9	3.15973488397
10	3.7331930305
11	0
12	3.66188123036
13	0
14	3.77162398003
15	2.8639227155
16	0
17	0
18	0
19	3.63837821654
20	0
eChromo: 333.085633492

Task set: Num Tasks 300 | Util 45 | Pop Size 200

Utilization 45.0
HMWG algorithm
The number of CPU's used is 13
1	3.46824478745
2	3.59515790577
3	0
4	3.5538063135
5	0
6	3.66362481867
7	0
8	3.46519005947
9	0
10	3.72656409341
11	0
12	3.67154793524
13	3.53431029435
14	2.9259007684
15	2.8492622422
16	0
17	3.39119668804
18	0
19	3.64995562744
20	3.50523846605
eChromo: 305.551700996

HBaBG algorithm
The number of CPU's used is 13
1	3.46518406646
2	3.61655735752
3	3.1960046348
4	3.55594300065
5	3.31007657162
6	3.66216463693
7	0
8	3.51721489677
9	3.15989459214
10	3.18995425972
11	0
12	3.6468829525
13	0
14	3.7735302301
15	3.25192337281
16	0
17	0
18	0
19	3.65466942797
20	0
eChromo: 333.921868072

