Start scheduler

Task set: Num Tasks 100 | Util 20 | Pop Size 200

Utilization 20.0
HMWG algorithm
The number of CPU's used is 6
1	0
2	0
3	0
4	0
5	0
6	3.64202190597
7	0
8	0
9	0
10	2.89100689014
11	0
12	3.67125963375
13	0
14	3.27468705784
15	2.89865898322
16	0
17	0
18	0
19	3.62236552907
20	0
eChromo: 498.645410287

HBaBG algorithm
The number of CPU's used is 6
1	3.46267380038
2	3.62175994265
3	3.18133651516
4	3.27535226862
5	3.27733626726
6	3.18154120593
7	0
8	0
9	0
10	0
11	0
12	0
13	0
14	0
15	0
16	0
17	0
18	0
19	0
20	0
eChromo: 541.701001438

Task set: Num Tasks 150 | Util 20 | Pop Size 200

Utilization 20.0
HMWG algorithm
The number of CPU's used is 6
1	0
2	0
3	0
4	0
5	0
6	3.65923512448
7	0
8	0
9	0
10	3.52634396703
11	0
12	3.1225704717
13	0
14	3.78109759822
15	2.85574719776
16	0
17	0
18	0
19	3.05500564081
20	0
eChromo: 498.253305161

HBaBG algorithm
The number of CPU's used is 6
1	3.43869103366
2	3.62427623397
3	3.18497060299
4	3.30529558041
5	3.29124727162
6	3.15551927735
7	0
8	0
9	0
10	0
11	0
12	0
13	0
14	0
15	0
16	0
17	0
18	0
19	0
20	0
eChromo: 541.701001438

Task set: Num Tasks 200 | Util 20 | Pop Size 200

Utilization 20.0
HMWG algorithm
The number of CPU's used is 6
1	0
2	0
3	0
4	0
5	0
6	3.61552875397
7	0
8	0
9	0
10	3.73106981038
11	0
12	3.20733337172
13	0
14	3.280319489
15	2.95858753439
16	0
17	0
18	0
19	3.20716104054
20	0
eChromo: 499.673752011

HBaBG algorithm
The number of CPU's used is 6
1	3.45743136348
2	3.6221184087
3	3.19534369352
4	3.26811837595
5	3.31236288456
6	3.14462527379
7	0
8	0
9	0
10	0
11	0
12	0
13	0
14	0
15	0
16	0
17	0
18	0
19	0
20	0
eChromo: 541.67416581

Task set: Num Tasks 300 | Util 20 | Pop Size 200

Utilization 20.0
HMWG algorithm
The number of CPU's used is 6
1	0
2	0
3	0
4	0
5	0
6	3.64739255112
7	0
8	0
9	0
10	3.17343917999
11	0
12	3.64261994835
13	0
14	3.25316487179
15	3.24566066159
16	0
17	0
18	0
19	3.03772278716
20	0
eChromo: 498.357811652

HBaBG algorithm
The number of CPU's used is 6
1	3.47162048482
2	3.60954039446
3	3.19466248092
4	3.26699545798
5	3.30536060075
6	3.15182058107
7	0
8	0
9	0
10	0
11	0
12	0
13	0
14	0
15	0
16	0
17	0
18	0
19	0
20	0
eChromo: 541.656896561

Task set: Num Tasks 100 | Util 35 | Pop Size 200

Utilization 35.0
HMWG algorithm
The number of CPU's used is 10
1	0
2	3.62318430751
3	0
4	3.54914987679
5	0
6	3.6632165615
7	0
8	3.06840572111
9	0
10	3.72983195818
11	0
12	3.64196802243
13	3.51934171183
14	2.94692753929
15	3.79322353671
16	0
17	0
18	0
19	3.46475076464
20	0
eChromo: 384.559690157

HBaBG algorithm
The number of CPU's used is 10
1	3.46328199073
2	3.60028620696
3	3.19614905403
4	3.52031207836
5	3.30331006736
6	3.63601868138
7	0
8	3.48361058575
9	0
10	3.68259922456
11	0
12	3.33837658998
13	0
14	3.77605552089
15	0
16	0
17	0
18	0
19	0
20	0
eChromo: 416.160741583

Task set: Num Tasks 150 | Util 35 | Pop Size 200

Utilization 35.0
HMWG algorithm
The number of CPU's used is 10
1	0
2	3.59988461437
3	0
4	3.55218710428
5	0
6	3.65704594588
7	0
8	3.51719442657
9	0
10	3.13903011208
11	0
12	3.19935384686
13	3.56386002187
14	3.78159584912
15	3.3546406296
16	0
17	0
18	0
19	3.63520744939
20	0
eChromo: 386.648794968

HBaBG algorithm
The number of CPU's used is 10
1	3.4592226689
2	3.62429377016
3	3.19163247364
4	3.55690641896
5	3.31178276585
6	3.66369851286
7	0
8	3.51294942377
9	0
10	3.73071081248
11	0
12	3.18967718602
13	0
14	3.75912596736
15	0
16	0
17	0
18	0
19	0
20	0
eChromo: 417.843293327

Task set: Num Tasks 200 | Util 35 | Pop Size 200

Utilization 35.0
HMWG algorithm
The number of CPU's used is 10
1	0
2	3.61528894099
3	0
4	3.53619820889
5	0
6	3.66481649191
7	0
8	3.44624542683
9	0
10	3.51082455136
11	0
12	3.63773011777
13	3.53582717626
14	3.08384598424
15	3.31377605929
16	0
17	0
18	0
19	3.65544704246
20	0
eChromo: 386.766744584

HBaBG algorithm
The number of CPU's used is 10
1	3.46318969365
2	3.62450479272
3	3.19279192046
4	3.55002079446
5	3.31029436149
6	3.65194506588
7	0
8	3.50824001487
9	0
10	3.23893376791
11	0
12	3.67142885499
13	0
14	3.78865073357
15	0
16	0
17	0
18	0
19	0
20	0
eChromo: 418.373602067

Task set: Num Tasks 300 | Util 35 | Pop Size 200

Utilization 35.0
HMWG algorithm
The number of CPU's used is 10
1	0
2	3.62371024608
3	0
4	3.55110779595
5	0
6	3.66757830517
7	0
8	3.47790186455
9	0
10	3.71823326459
11	0
12	3.66901984726
13	3.56420513684
14	2.81304517015
15	3.26203723389
16	0
17	0
18	0
19	3.65316113552
20	0
eChromo: 387.593882091

HBaBG algorithm
The number of CPU's used is 10
1	3.47138565035
2	3.61840013757
3	3.19439144179
4	3.55703403286
5	3.31296679753
6	3.66862889934
7	0
8	3.51763447314
9	0
10	3.73039227176
11	0
12	3.67204454943
13	0
14	3.25712174623
15	0
16	0
17	0
18	0
19	0
20	0
eChromo: 418.838012227

Task set: Num Tasks 100 | Util 45 | Pop Size 200

Utilization 45.0
HMWG algorithm
The number of CPU's used is 13
1	3.40499405594
2	3.61853434345
3	0
4	3.5336721522
5	0
6	3.61331567354
7	0
8	3.51618601812
9	0
10	3.70394895195
11	0
12	3.60287529585
13	3.16674509813
14	3.76154084429
15	2.64805268103
16	0
17	3.36420646005
18	0
19	3.59652153677
20	3.46940688868
eChromo: 302.506273236

HBaBG algorithm
The number of CPU's used is 13
1	3.444325097
2	3.61931720495
3	3.18670337384
4	3.55528736573
5	3.28042586016
6	3.66322564883
7	0
8	3.51164517452
9	3.13510524424
10	3.51254242268
11	0
12	3.65789667625
13	0
14	3.07853181768
15	3.77615173397
16	0
17	0
18	0
19	3.57884238015
20	0
eChromo: 331.818207115

Task set: Num Tasks 150 | Util 45 | Pop Size 200

Utilization 45.0
HMWG algorithm
The number of CPU's used is 13
1	3.46087675417
2	3.59982368156
3	0
4	3.29265333117
5	0
6	3.62582461693
7	0
8	3.47333008106
9	0
10	3.73184531961
11	0
12	3.65439603806
13	3.5599777045
14	3.25662357449
15	3.77811975126
16	0
17	3.38719787031
18	0
19	3.6083435506
20	2.57098772628
eChromo: 305.355596338

HBaBG algorithm
The number of CPU's used is 13
1	3.46511153961
2	3.61991880881
3	3.19545247034
4	3.54879149537
5	3.31121022796
6	3.60152760322
7	0
8	3.49854670468
9	3.1466949167
10	3.72222700859
11	0
12	3.6694034532
13	0
14	3.76990910565
15	2.80519882489
16	0
17	0
18	0
19	3.64600784098
20	0
eChromo: 332.805162654

Task set: Num Tasks 200 | Util 45 | Pop Size 200

Utilization 45.0
HMWG algorithm
The number of CPU's used is 13
1	3.45143897804
2	3.62319926345
3	0
4	3.54655192214
5	0
6	3.64664456211
7	0
8	3.5098789542
9	0
10	3.50427313484
11	0
12	3.67206561821
13	3.51942041379
14	3.770384178
15	3.12914975183
16	0
17	3.38418297474
18	0
19	3.646204685
20	2.59660556365
eChromo: 306.095740431

HBaBG algorithm
The number of CPU's used is 13
1	3.46283082321
2	3.62376413628
3	3.19169715344
4	3.55398722285
5	3.28826653279
6	3.66674453699
7	0
8	3.51894335512
9	3.16428613923
10	3.72088453005
11	0
12	3.65706676814
13	0
14	3.75939743769
15	2.73772326103
16	0
17	0
18	0
19	3.65440810319
20	0
eChromo: 332.831998282

Task set: Num Tasks 300 | Util 45 | Pop Size 200

Utilization 45.0
HMWG algorithm
The number of CPU's used is 13
1	3.46287205068
2	3.58714421174
3	0
4	3.54253069495
5	0
6	3.66055901746
7	0
8	3.488646685
9	0
10	3.7296505307
11	0
12	2.84921941755
13	3.54544765535
14	3.28669183428
15	3.35952952624
16	0
17	3.38148080511
18	0
19	3.64206208581
20	3.46416548513
eChromo: 306.326106368

HBaBG algorithm
The number of CPU's used is 13
1	3.45779816669
2	3.60757013395
3	3.19161969977
4	3.55741062323
5	3.31128648703
6	3.6553665531
7	0
8	3.51283770842
9	3.16802902172
10	3.7302442205
11	0
12	3.6569870957
13	0
14	3.23142523186
15	3.29631483632
16	0
17	0
18	0
19	3.62311022169
20	0
eChromo: 333.665889898

