Start scheduler

Task set: Num Tasks 100 | Util 20 | Pop Size 200

Utilization 20.0
HMWG algorithm
The number of CPU's used is 6
1	0
2	0
3	0
4	0
5	0
6	3.57379842886
7	0
8	0
9	0
10	3.24750722885
11	0
12	3.40499789013
13	0
14	3.28518805894
15	2.86791233111
16	0
17	0
18	0
19	3.6205960621
20	0
eChromo: 498.998542275

HBaBG algorithm
The number of CPU's used is 6
1	3.4547906641
2	3.591435731
3	3.17744912746
4	3.5566831575
5	3.29566860715
6	2.92397271279
7	0
8	0
9	0
10	0
11	0
12	0
13	0
14	0
15	0
16	0
17	0
18	0
19	0
20	0
eChromo: 541.650257995

Task set: Num Tasks 150 | Util 20 | Pop Size 200

Utilization 20.0
HMWG algorithm
The number of CPU's used is 6
1	0
2	0
3	0
4	0
5	0
6	3.18108200289
7	0
8	0
9	0
10	3.26410131655
11	0
12	3.6615038141
13	0
14	3.79233036824
15	2.94383003006
16	0
17	0
18	0
19	3.15715246815
20	0
eChromo: 498.993292849

HBaBG algorithm
The number of CPU's used is 6
1	3.46557354594
2	3.61313213002
3	3.19113053636
4	3.26005504556
5	3.30766105446
6	3.16244768766
7	0
8	0
9	0
10	0
11	0
12	0
13	0
14	0
15	0
16	0
17	0
18	0
19	0
20	0
eChromo: 541.656896561

Task set: Num Tasks 200 | Util 20 | Pop Size 200

Utilization 20.0
HMWG algorithm
The number of CPU's used is 6
1	0
2	0
3	0
4	0
5	0
6	3.65815501377
7	0
8	0
9	0
10	3.63688735955
11	0
12	3.65264663516
13	0
14	3.06647208461
15	2.91421780435
16	0
17	0
18	0
19	3.07162110255
20	0
eChromo: 498.255841673

HBaBG algorithm
The number of CPU's used is 6
1	3.45978821976
2	3.59761554052
3	3.18226343164
4	3.55314026739
5	3.30778352245
6	2.89940901825
7	0
8	0
9	0
10	0
11	0
12	0
13	0
14	0
15	0
16	0
17	0
18	0
19	0
20	0
eChromo: 541.650257995

Task set: Num Tasks 300 | Util 20 | Pop Size 200

Utilization 20.0
HMWG algorithm
The number of CPU's used is 6
1	0
2	0
3	0
4	0
5	0
6	3.66392384554
7	0
8	0
9	0
10	3.67446097936
11	0
12	3.19969574011
13	0
14	3.04563480133
15	3.20658281175
16	0
17	0
18	0
19	3.20970182192
20	0
eChromo: 498.435698236

HBaBG algorithm
The number of CPU's used is 6
1	3.46472893285
2	3.62365938871
3	3.19683213126
4	3.55422191133
5	3.2838276571
6	2.87672997874
7	0
8	0
9	0
10	0
11	0
12	0
13	0
14	0
15	0
16	0
17	0
18	0
19	0
20	0
eChromo: 541.650257995

Task set: Num Tasks 100 | Util 35 | Pop Size 200

Utilization 35.0
HMWG algorithm
The number of CPU's used is 10
1	0
2	3.6207695528
3	0
4	3.5299604813
5	0
6	3.61580810566
7	0
8	3.51436845446
9	0
10	3.51187850641
11	0
12	3.66231378988
13	3.56550236439
14	3.26307314912
15	3.08138705079
16	0
17	0
18	0
19	3.63493854517
20	0
eChromo: 385.392094263

HBaBG algorithm
The number of CPU's used is 10
1	3.46544458303
2	3.5375595405
3	3.16918558442
4	3.54585883321
5	3.30450458724
6	3.59787716169
7	0
8	3.48545268191
9	0
10	3.70251786931
11	0
12	3.4002496757
13	0
14	3.79134948299
15	0
16	0
17	0
18	0
19	0
20	0
eChromo: 416.116636706

Task set: Num Tasks 150 | Util 35 | Pop Size 200

Utilization 35.0
HMWG algorithm
The number of CPU's used is 10
1	0
2	3.62019121432
3	0
4	3.5517411419
5	0
6	3.66683289842
7	0
8	3.4994263017
9	0
10	2.91513054627
11	0
12	3.66671672299
13	3.56789681181
14	3.05507460186
15	3.8154576658
16	0
17	0
18	0
19	3.64153209493
20	0
eChromo: 386.747098901

HBaBG algorithm
The number of CPU's used is 10
1	3.46480240454
2	3.61621444934
3	3.19465595576
4	3.54984053963
5	3.30538450354
6	3.66760200877
7	0
8	3.51471893124
9	0
10	3.7208986382
11	0
12	3.18840948176
13	0
14	3.77747308723
15	0
16	0
17	0
18	0
19	0
20	0
eChromo: 417.870128955

Task set: Num Tasks 200 | Util 35 | Pop Size 200

Utilization 35.0
HMWG algorithm
The number of CPU's used is 10
1	0
2	3.61255154145
3	0
4	3.55357372696
5	0
6	3.65016062455
7	0
8	3.49855792401
9	0
10	3.68600857891
11	0
12	3.65925357663
13	3.25148919549
14	3.26707531983
15	3.16984977208
16	0
17	0
18	0
19	3.65147974009
20	0
eChromo: 387.367838992

HBaBG algorithm
The number of CPU's used is 10
1	3.46981378516
2	3.62213947911
3	3.19578426861
4	3.53778608192
5	3.30921592941
6	3.66244413014
7	0
8	3.49396838656
9	0
10	3.25522088311
11	0
12	3.66318560892
13	0
14	3.79044144705
15	0
16	0
17	0
18	0
19	0
20	0
eChromo: 418.356332818

Task set: Num Tasks 300 | Util 35 | Pop Size 200

Utilization 35.0
HMWG algorithm
The number of CPU's used is 10
1	0
2	3.62061853055
3	0
4	3.55640212532
5	0
6	3.66845112916
7	0
8	3.5182838032
9	0
10	3.53481212619
11	0
12	3.38460278475
13	3.56672431428
14	3.29278700591
15	3.30928982114
16	0
17	0
18	0
19	3.54802835949
20	0
eChromo: 387.289415006

HBaBG algorithm
The number of CPU's used is 10
1	3.46389440074
2	3.62280277315
3	3.18809706351
4	3.55779988283
5	3.31130430692
6	3.66862188806
7	0
8	3.51237008016
9	0
10	3.73093573707
11	0
12	3.6627994729
13	0
14	3.28137439468
15	0
16	0
17	0
18	0
19	0
20	0
eChromo: 418.882117104

Task set: Num Tasks 100 | Util 45 | Pop Size 200

Utilization 45.0
HMWG algorithm
The number of CPU's used is 13
1	3.46895456463
2	3.61828763369
3	0
4	3.50781058969
5	0
6	3.64953037009
7	0
8	3.51718714841
9	0
10	3.70066801978
11	0
12	3.61147453581
13	3.54334766247
14	3.71216669253
15	3.82163249022
16	0
17	3.39891676631
18	0
19	3.03214581881
20	2.41787770754
eChromo: 304.716520955

HBaBG algorithm
The number of CPU's used is 13
1	3.46002874413
2	3.60341373232
3	3.19235272848
4	3.47846687442
5	3.30773306887
6	3.64283616555
7	0
8	3.51214184834
9	3.13372414416
10	2.86621755632
11	0
12	3.62291440991
13	0
14	3.74987868754
15	3.78195763455
16	0
17	0
18	0
19	3.64833440542
20	0
eChromo: 330.508511022

Task set: Num Tasks 150 | Util 45 | Pop Size 200

Utilization 45.0
HMWG algorithm
The number of CPU's used is 13
1	3.4333380726
2	3.61857965912
3	0
4	3.55101701371
5	0
6	3.6598227503
7	0
8	3.51545928441
9	0
10	2.91484711264
11	0
12	3.3333736416
13	3.55970744144
14	3.69292892839
15	3.23452000911
16	0
17	3.39822751233
18	0
19	3.63812736532
20	3.45005120904
eChromo: 304.600647549

HBaBG algorithm
The number of CPU's used is 13
1	3.45956979836
2	3.60116669254
3	3.19634618156
4	3.54562880854
5	3.31169119791
6	3.6659400903
7	0
8	3.51334044082
9	3.15479896341
10	3.72002308426
11	0
12	3.64530754763
13	0
14	3.78845108298
15	2.74284684635
16	0
17	0
18	0
19	3.65488926533
20	0
eChromo: 332.805162654

Task set: Num Tasks 200 | Util 45 | Pop Size 200

Utilization 45.0
HMWG algorithm
The number of CPU's used is 13
1	3.46156105459
2	3.53235644948
3	0
4	3.46242053973
5	0
6	3.65946305518
7	0
8	3.43881106263
9	0
10	3.71369544771
11	0
12	3.6624498464
13	3.50199608458
14	3.785689695
15	3.33819384881
16	0
17	3.3800968095
18	0
19	3.63377105825
20	2.42949504814
eChromo: 304.809892168

HBaBG algorithm
The number of CPU's used is 13
1	3.42613363518
2	3.61409941551
3	3.18348050945
4	3.55535425626
5	3.30852585307
6	3.65148828093
7	0
8	3.47652147388
9	3.16593759995
10	3.73013031229
11	0
12	3.65688634856
13	0
14	2.80285775403
15	3.79880997919
16	0
17	0
18	0
19	3.62977458171
20	0
eChromo: 332.090381742

Task set: Num Tasks 300 | Util 45 | Pop Size 200

Utilization 45.0
HMWG algorithm
The number of CPU's used is 13
1	3.46638032792
2	3.62260082483
3	0
4	3.50657486442
5	0
6	3.6650142652
7	0
8	3.49295405749
9	0
10	3.72760360276
11	0
12	3.17192127386
13	3.21561293399
14	3.78846813132
15	2.82946879879
16	0
17	3.39735875794
18	0
19	3.63635134221
20	3.47969081928
eChromo: 306.654136329

HBaBG algorithm
The number of CPU's used is 13
1	3.46756576843
2	3.61690726955
3	3.19470117892
4	3.52453810085
5	3.3024620419
6	3.6668680887
7	0
8	3.51309753028
9	3.15199269614
10	3.72802114787
11	0
12	3.63987303234
13	0
14	3.23409449711
15	3.3089540045
16	0
17	0
18	0
19	3.6509246434
20	0
eChromo: 333.648620649

