Start scheduler

Task set: Num Tasks 100 | Util 20 | Pop Size 200

Utilization 20.0
HMWG algorithm
The number of CPU's used is 6
1	0
2	0
3	0
4	0
5	0
6	3.65510308303
7	0
8	0
9	0
10	3.25718354228
11	0
12	3.65691137643
13	0
14	2.76695686613
15	3.35776042358
16	0
17	0
18	0
19	3.30608470855
20	0
eChromo: 497.598745336

HBaBG algorithm
The number of CPU's used is 6
1	3.44983193764
2	3.62176583686
3	3.19586436491
4	3.54870191641
5	3.30173978917
6	2.882096155
7	0
8	0
9	0
10	0
11	0
12	0
13	0
14	0
15	0
16	0
17	0
18	0
19	0
20	0
eChromo: 541.650257995

Task set: Num Tasks 150 | Util 20 | Pop Size 200

Utilization 20.0
HMWG algorithm
The number of CPU's used is 6
1	0
2	0
3	0
4	0
5	0
6	3.65520245769
7	0
8	0
9	0
10	3.23617641683
11	0
12	3.58280381277
13	0
14	3.01186032003
15	2.86010337952
16	0
17	0
18	0
19	3.65385361315
20	0
eChromo: 498.222236643

HBaBG algorithm
The number of CPU's used is 6
1	3.47133308435
2	3.60792668465
3	3.19604106088
4	3.22474273442
5	3.30745470842
6	3.19250172729
7	0
8	0
9	0
10	0
11	0
12	0
13	0
14	0
15	0
16	0
17	0
18	0
19	0
20	0
eChromo: 541.656896561

Task set: Num Tasks 200 | Util 20 | Pop Size 200

Utilization 20.0
HMWG algorithm
The number of CPU's used is 6
1	0
2	0
3	0
4	0
5	0
6	3.62766198571
7	0
8	0
9	0
10	2.91697594346
11	0
12	3.6460648361
13	0
14	3.24980687828
15	2.93374552561
16	0
17	0
18	0
19	3.62574483085
20	0
eChromo: 498.450976709

HBaBG algorithm
The number of CPU's used is 6
1	3.46449467423
2	3.60883484065
3	3.19547060674
4	3.28390651591
5	3.31254278701
6	3.13475057546
7	0
8	0
9	0
10	0
11	0
12	0
13	0
14	0
15	0
16	0
17	0
18	0
19	0
20	0
eChromo: 541.67416581

Task set: Num Tasks 300 | Util 20 | Pop Size 200

Utilization 20.0
HMWG algorithm
The number of CPU's used is 6
1	0
2	0
3	0
4	0
5	0
6	3.16971730711
7	0
8	0
9	0
10	3.53916535497
11	0
12	3.39307727382
13	0
14	3.22660319532
15	3.26449296218
16	0
17	0
18	0
19	3.40694390661
20	0
eChromo: 498.462856774

HBaBG algorithm
The number of CPU's used is 6
1	3.45963232915
2	3.61750276248
3	3.19503952554
4	3.26715597032
5	3.31263789689
6	3.14803151562
7	0
8	0
9	0
10	0
11	0
12	0
13	0
14	0
15	0
16	0
17	0
18	0
19	0
20	0
eChromo: 541.67416581

Task set: Num Tasks 100 | Util 35 | Pop Size 200

Utilization 35.0
HMWG algorithm
The number of CPU's used is 10
1	0
2	3.60169671178
3	0
4	3.55721178248
5	0
6	3.66857276479
7	0
8	3.51908344813
9	0
10	2.86632564459
11	0
12	3.66148927244
13	3.47078314518
14	3.79004129264
15	3.261588348
16	0
17	0
18	0
19	3.60320758997
20	0
eChromo: 386.012011371

HBaBG algorithm
The number of CPU's used is 10
1	3.45960662176
2	3.22013013882
3	3.18675024639
4	3.5573162187
5	3.30432283296
6	3.6542430509
7	0
8	3.48920131011
9	0
10	3.69067159679
11	0
12	3.65154442554
13	0
14	3.78621355805
15	0
16	0
17	0
18	0
19	0
20	0
eChromo: 416.752048025

Task set: Num Tasks 150 | Util 35 | Pop Size 200

Utilization 35.0
HMWG algorithm
The number of CPU's used is 10
1	0
2	3.62068929795
3	0
4	3.55356912583
5	0
6	3.65822472854
7	0
8	3.49731527227
9	0
10	3.71525405577
11	0
12	3.66021928745
13	3.23783719862
14	3.78786986432
15	2.86735359222
16	0
17	0
18	0
19	3.40166757704
20	0
eChromo: 387.808393299

HBaBG algorithm
The number of CPU's used is 10
1	3.46046208909
2	3.62155153956
3	3.19702894513
4	3.54937265757
5	3.30862251319
6	3.66676192718
7	0
8	3.51455674611
9	0
10	3.22278831832
11	0
12	3.67137015714
13	0
14	3.78748510672
15	0
16	0
17	0
18	0
19	0
20	0
eChromo: 418.400437696

Task set: Num Tasks 200 | Util 35 | Pop Size 200

Utilization 35.0
HMWG algorithm
The number of CPU's used is 10
1	0
2	3.61436469187
3	0
4	3.54093660972
5	0
6	3.65957201068
7	0
8	3.47684538128
9	0
10	3.73285050727
11	0
12	3.35901052434
13	3.22222940131
14	3.79002210051
15	2.96207076937
16	0
17	0
18	0
19	3.64209800364
20	0
eChromo: 387.787294817

HBaBG algorithm
The number of CPU's used is 10
1	3.47000622364
2	3.62326681957
3	3.19668025899
4	3.55300375931
5	3.29213213251
6	3.66236622959
7	0
8	3.51781874719
9	0
10	3.72882909472
11	0
12	3.66476887321
13	0
14	3.29112786126
15	0
16	0
17	0
18	0
19	0
20	0
eChromo: 418.864847856

Task set: Num Tasks 300 | Util 35 | Pop Size 200

Utilization 35.0
HMWG algorithm
The number of CPU's used is 10
1	0
2	3.60299085275
3	0
4	3.55472728859
5	0
6	3.66289980989
7	0
8	3.47693051324
9	0
10	3.24213571795
11	0
12	3.6717012445
13	3.55538768731
14	3.73031076052
15	2.85077503834
16	0
17	0
18	0
19	3.65214108691
20	0
eChromo: 387.080526711

HBaBG algorithm
The number of CPU's used is 10
1	3.4644120089
2	3.61317605619
3	3.19562952256
4	3.55344257567
5	3.30836164696
6	3.65342692651
7	0
8	3.5184448737
9	0
10	3.73072520857
11	0
12	3.66785197655
13	0
14	3.29452920439
15	0
16	0
17	0
18	0
19	0
20	0
eChromo: 418.908952733

Task set: Num Tasks 100 | Util 45 | Pop Size 200

Utilization 45.0
HMWG algorithm
The number of CPU's used is 13
1	3.41458861127
2	3.59736205891
3	0
4	3.54555725426
5	0
6	3.66308424041
7	0
8	3.33778144965
9	0
10	3.71403211798
11	0
12	3.66267143152
13	3.22889607533
14	3.78943715707
15	2.86118163774
16	0
17	3.32874099525
18	0
19	3.39651933235
20	3.46014763826
eChromo: 304.139179433

HBaBG algorithm
The number of CPU's used is 13
1	3.46102630595
2	3.62383241959
3	3.19396183631
4	3.55547941398
5	3.28273149961
6	3.18631117139
7	0
8	3.47621392257
9	3.06826810085
10	3.72648427432
11	0
12	3.20467470387
13	0
14	3.77384181217
15	3.81323792801
16	0
17	0
18	0
19	3.63393661138
20	0
eChromo: 331.505275053

Task set: Num Tasks 150 | Util 45 | Pop Size 200

Utilization 45.0
HMWG algorithm
The number of CPU's used is 13
1	3.47084948252
2	3.58532025518
3	0
4	3.49198671556
5	0
6	3.65308069634
7	0
8	3.51782506058
9	0
10	3.6904275646
11	0
12	3.66679769881
13	2.74066342309
14	3.78011366549
15	3.30940325888
16	0
17	3.38159111706
18	0
19	3.20240021675
20	3.50954084515
eChromo: 306.215085729

HBaBG algorithm
The number of CPU's used is 13
1	3.46864414529
2	3.61765175159
3	3.19659365751
4	3.48319451887
5	3.31168304628
6	3.60120617215
7	0
8	3.51541114623
9	3.15516853946
10	3.72309442033
11	0
12	3.67017857778
13	0
14	3.78881973443
15	3.27180194356
16	0
17	0
18	0
19	3.19655234654
20	0
eChromo: 333.50482811

Task set: Num Tasks 200 | Util 45 | Pop Size 200

Utilization 45.0
HMWG algorithm
The number of CPU's used is 13
1	3.46362157393
2	3.62352944467
3	0
4	3.5507430724
5	0
6	3.65974717184
7	0
8	3.43710553527
9	0
10	3.72193617119
11	0
12	3.07925446768
13	3.56188375413
14	3.77046375036
15	3.26780395026
16	0
17	3.34754901464
18	0
19	3.58196489328
20	2.93439720036
eChromo: 305.012332884

HBaBG algorithm
The number of CPU's used is 13
1	3.46393708301
2	3.62057838727
3	3.19692881672
4	3.53501690282
5	3.30103036233
6	3.66533595594
7	0
8	3.48987116597
9	3.15223071006
10	3.72137741381
11	0
12	3.66161164427
13	0
14	3.24100901437
15	3.30633726374
16	0
17	0
18	0
19	3.64473527968
20	0
eChromo: 333.946360736

Task set: Num Tasks 300 | Util 45 | Pop Size 200

Utilization 45.0
HMWG algorithm
The number of CPU's used is 13
1	3.46659700893
2	3.62368953592
3	0
4	3.55778585475
5	0
6	3.65759619699
7	0
8	3.50005001183
9	0
10	3.7313993593
11	0
12	3.66808319266
13	3.56788115294
14	3.18158262939
15	3.82161142506
16	0
17	3.39932652466
18	0
19	2.75503583614
20	3.06936127142
eChromo: 306.326064491

HBaBG algorithm
The number of CPU's used is 13
1	3.46584664744
2	3.62375563447
3	3.1916561512
4	3.55743783338
5	3.28867774196
6	3.66215228875
7	0
8	3.50815607315
9	3.1667099232
10	3.73128232559
11	0
12	3.66998381658
13	0
14	3.19165583552
15	3.30891647705
16	0
17	0
18	0
19	3.63376925171
20	0
eChromo: 333.648620649

