Start scheduler

Task set: Num Tasks 100 | Util 20 | Pop Size 200

Utilization 20.0
HMWG algorithm
The number of CPU's used is 6
1	0
2	0
3	0
4	0
5	0
6	3.15662137306
7	0
8	0
9	0
10	3.67164263875
11	0
12	3.1114913404
13	0
14	3.25034835491
15	3.33184230746
16	0
17	0
18	0
19	3.47805398542
20	0
eChromo: 498.361535668

HBaBG algorithm
The number of CPU's used is 6
1	3.46146517646
2	3.6230472927
3	3.18624982845
4	3.54113621218
5	3.29134090005
6	2.89676059016
7	0
8	0
9	0
10	0
11	0
12	0
13	0
14	0
15	0
16	0
17	0
18	0
19	0
20	0
eChromo: 541.650257995

Task set: Num Tasks 150 | Util 20 | Pop Size 200

Utilization 20.0
HMWG algorithm
The number of CPU's used is 6
1	0
2	0
3	0
4	0
5	0
6	3.66264696384
7	0
8	0
9	0
10	3.24362485738
11	0
12	3.08680136346
13	0
14	3.02687238941
15	3.34588783344
16	0
17	0
18	0
19	3.63416659246
20	0
eChromo: 498.883522092

HBaBG algorithm
The number of CPU's used is 6
1	3.46898654233
2	3.59792415852
3	3.19022982078
4	3.30475427252
5	3.26955575956
6	3.16854944629
7	0
8	0
9	0
10	0
11	0
12	0
13	0
14	0
15	0
16	0
17	0
18	0
19	0
20	0
eChromo: 541.656896561

Task set: Num Tasks 200 | Util 20 | Pop Size 200

Utilization 20.0
HMWG algorithm
The number of CPU's used is 6
1	0
2	0
3	0
4	0
5	0
6	2.99110271833
7	0
8	0
9	0
10	3.69373703147
11	0
12	3.65884923498
13	0
14	3.0823531208
15	2.9239652493
16	0
17	0
18	0
19	3.64999264513
20	0
eChromo: 498.194939142

HBaBG algorithm
The number of CPU's used is 6
1	3.46995818721
2	3.62211713728
3	3.19153380786
4	3.30766739237
5	3.30611523019
6	3.1026082451
7	0
8	0
9	0
10	0
11	0
12	0
13	0
14	0
15	0
16	0
17	0
18	0
19	0
20	0
eChromo: 541.656896561

Task set: Num Tasks 300 | Util 20 | Pop Size 200

Utilization 20.0
HMWG algorithm
The number of CPU's used is 6
1	0
2	0
3	0
4	0
5	0
6	3.66040883586
7	0
8	0
9	0
10	3.22515251141
11	0
12	3.66552915321
13	0
14	3.02835130017
15	2.77074729359
16	0
17	0
18	0
19	3.64981090576
20	0
eChromo: 498.222236643

HBaBG algorithm
The number of CPU's used is 6
1	3.44616081419
2	3.62346618332
3	3.13919470756
4	3.28619354003
5	3.31192794431
6	3.19305681059
7	0
8	0
9	0
10	0
11	0
12	0
13	0
14	0
15	0
16	0
17	0
18	0
19	0
20	0
eChromo: 541.67416581

Task set: Num Tasks 100 | Util 35 | Pop Size 200

Utilization 35.0
HMWG algorithm
The number of CPU's used is 10
1	0
2	3.61778037962
3	0
4	3.49679571883
5	0
6	3.65777103165
7	0
8	3.06812926944
9	0
10	3.72281466695
11	0
12	3.59234133401
13	3.54449724027
14	3.70951583896
15	2.96650546616
16	0
17	0
18	0
19	3.62384905411
20	0
eChromo: 384.687956384

HBaBG algorithm
The number of CPU's used is 10
1	3.4708316045
2	3.2052591276
3	3.19094782688
4	3.55164188485
5	3.31286702438
6	3.64554884582
7	0
8	3.46475827113
9	0
10	3.71878672011
11	0
12	3.65983262323
13	0
14	3.7795260715
15	0
16	0
17	0
18	0
19	0
20	0
eChromo: 416.681107519

Task set: Num Tasks 150 | Util 35 | Pop Size 200

Utilization 35.0
HMWG algorithm
The number of CPU's used is 10
1	0
2	3.62405951392
3	0
4	3.55039035208
5	0
6	3.63783866165
7	0
8	3.48779054469
9	0
10	2.9268421179
11	0
12	3.17228796265
13	3.54862472912
14	3.77185712503
15	3.80922356549
16	0
17	0
18	0
19	3.47108542747
20	0
eChromo: 386.142176773

HBaBG algorithm
The number of CPU's used is 10
1	3.47001362004
2	3.61778271563
3	3.1928118087
4	3.5362013274
5	3.31205574391
6	3.66839004494
7	0
8	3.50508425811
9	0
10	3.72556609626
11	0
12	3.19487671951
13	0
14	3.7772176655
15	0
16	0
17	0
18	0
19	0
20	0
eChromo: 417.799188449

Task set: Num Tasks 200 | Util 35 | Pop Size 200

Utilization 35.0
HMWG algorithm
The number of CPU's used is 10
1	0
2	3.61097996819
3	0
4	3.54879366776
5	0
6	3.66323694271
7	0
8	3.48244453617
9	0
10	3.71025857841
11	0
12	3.1915087212
13	3.55232922781
14	3.77957340543
15	2.83127678673
16	0
17	0
18	0
19	3.62959816561
20	0
eChromo: 386.550217971

HBaBG algorithm
The number of CPU's used is 10
1	3.46798068821
2	3.61353712777
3	3.19586725579
4	3.55701024424
5	3.29580914157
6	3.66720161535
7	0
8	3.5173311657
9	0
10	3.72402922511
11	0
12	3.67197138395
13	0
14	3.28926215231
15	0
16	0
17	0
18	0
19	0
20	0
eChromo: 418.864847856

Task set: Num Tasks 300 | Util 35 | Pop Size 200

Utilization 35.0
HMWG algorithm
The number of CPU's used is 10
1	0
2	3.62337466796
3	0
4	3.55592116435
5	0
6	3.66674519715
7	0
8	3.51381127093
9	0
10	3.72768158642
11	0
12	3.66872529224
13	3.55919785043
14	3.28465148006
15	2.82661423326
16	0
17	0
18	0
19	3.5732772572
20	0
eChromo: 387.335406539

HBaBG algorithm
The number of CPU's used is 10
1	3.46295640368
2	3.62019223141
3	3.19725913937
4	3.55371325604
5	3.30856382784
6	3.66618389817
7	0
8	3.51885769432
9	0
10	3.72392351521
11	0
12	3.6689095626
13	0
14	3.27944047136
15	0
16	0
17	0
18	0
19	0
20	0
eChromo: 418.908952733

Task set: Num Tasks 100 | Util 45 | Pop Size 200

Utilization 45.0
HMWG algorithm
The number of CPU's used is 13
1	3.44298229808
2	3.62401407954
3	0
4	3.51993019157
5	0
6	3.66177827289
7	0
8	3.48977650028
9	0
10	3.64656209443
11	0
12	3.11330116603
13	3.55411051283
14	3.76028160811
15	2.7616786045
16	0
17	3.37573794107
18	0
19	3.62729063366
20	3.42255609701
eChromo: 303.466750879

HBaBG algorithm
The number of CPU's used is 13
1	3.44053522257
2	3.61330520915
3	3.16666109798
4	3.53324903285
5	3.30600437518
6	3.66409003461
7	0
8	3.50809043045
9	3.04568971315
10	2.86054307565
11	0
12	3.65119347962
13	0
14	3.77429734598
15	3.80770382834
16	0
17	0
18	0
19	3.62863715447
20	0
eChromo: 330.508511022

Task set: Num Tasks 150 | Util 45 | Pop Size 200

Utilization 45.0
HMWG algorithm
The number of CPU's used is 13
1	3.44600031202
2	3.17057170974
3	0
4	3.53489263835
5	0
6	3.64785055249
7	0
8	3.49099206377
9	0
10	3.72493490621
11	0
12	3.66834042398
13	3.18033667175
14	3.78604106187
15	2.89792160845
16	0
17	3.34479148834
18	0
19	3.64929838182
20	3.4580281812
eChromo: 304.455752183

HBaBG algorithm
The number of CPU's used is 13
1	3.45241604474
2	3.5727217148
3	3.1965632437
4	3.54485406006
5	3.29631366147
6	3.65372665283
7	0
8	3.46297824808
9	3.15771905422
10	3.72043364012
11	0
12	3.67176095501
13	0
14	3.77762781455
15	2.84414905336
16	0
17	0
18	0
19	3.64873585709
20	0
eChromo: 333.085633492

Task set: Num Tasks 200 | Util 45 | Pop Size 200

Utilization 45.0
HMWG algorithm
The number of CPU's used is 13
1	3.38305011908
2	3.62434040589
3	0
4	3.23889895319
5	0
6	3.66462981384
7	0
8	3.51025701429
9	0
10	3.72746640756
11	0
12	3.6630159045
13	3.51135661117
14	3.78071001104
15	2.79591309532
16	0
17	3.38914808945
18	0
19	3.6517341872
20	3.05947938748
eChromo: 305.390254507

HBaBG algorithm
The number of CPU's used is 13
1	3.45977156045
2	3.61375164819
3	3.17279315196
4	3.55005267557
5	3.30964047521
6	3.62213785953
7	0
8	3.5066364495
9	3.15178636054
10	3.72175742235
11	0
12	3.66828043008
13	0
14	3.75183104652
15	2.84313139494
16	0
17	0
18	0
19	3.62842952516
20	0
eChromo: 332.805162654

Task set: Num Tasks 300 | Util 45 | Pop Size 200

Utilization 45.0
HMWG algorithm
The number of CPU's used is 13
1	3.45531922164
2	3.49142183048
3	0
4	3.53928406853
5	0
6	3.64757163703
7	0
8	3.51225620578
9	0
10	3.71544861548
11	0
12	3.66935427994
13	3.56475081274
14	3.78589052525
15	2.96171601592
16	0
17	3.3976900892
18	0
19	3.18109368259
20	3.07820301543
eChromo: 307.200251445

HBaBG algorithm
The number of CPU's used is 13
1	3.45961673378
2	3.61994767531
3	3.19105515503
4	3.55294835337
5	3.31078151879
6	3.64801233975
7	0
8	3.51123674696
9	3.16854863277
10	3.72667819291
11	0
12	3.67011064776
13	0
14	3.78517273126
15	2.96592703743
16	0
17	0
18	0
19	3.38996423486
20	0
eChromo: 334.044269411

