Start scheduler

Task set: Num Tasks 100 | Util 20 | Pop Size 200

Utilization 20.0
HMWG algorithm
The number of CPU's used is 6
1	0
2	0
3	0
4	0
5	0
6	2.92231505183
7	0
8	0
9	0
10	3.5156652258
11	0
12	2.85454740051
13	0
14	3.79030469302
15	3.26358202573
16	0
17	0
18	0
19	3.65358560311
20	0
eChromo: 497.496941681

HBaBG algorithm
The number of CPU's used is 6
1	3.45748622072
2	3.62054250648
3	3.17378077867
4	3.54603352281
5	3.30789742979
6	2.89425954153
7	0
8	0
9	0
10	0
11	0
12	0
13	0
14	0
15	0
16	0
17	0
18	0
19	0
20	0
eChromo: 541.650257995

Task set: Num Tasks 150 | Util 20 | Pop Size 200

Utilization 20.0
HMWG algorithm
The number of CPU's used is 6
1	0
2	0
3	0
4	0
5	0
6	3.63751354023
7	0
8	0
9	0
10	2.92522584198
11	0
12	3.06408424223
13	0
14	3.78167609566
15	2.95779222165
16	0
17	0
18	0
19	3.63370805825
20	0
eChromo: 498.251534914

HBaBG algorithm
The number of CPU's used is 6
1	3.46481288354
2	3.59692432834
3	3.1971147569
4	3.55007456416
5	3.3028118395
6	2.88826162756
7	0
8	0
9	0
10	0
11	0
12	0
13	0
14	0
15	0
16	0
17	0
18	0
19	0
20	0
eChromo: 541.650257995

Task set: Num Tasks 200 | Util 20 | Pop Size 200

Utilization 20.0
HMWG algorithm
The number of CPU's used is 6
1	0
2	0
3	0
4	0
5	0
6	3.62059342794
7	0
8	0
9	0
10	3.21721722757
11	0
12	3.61597248212
13	0
14	3.0711997961
15	3.34674487699
16	0
17	0
18	0
19	3.12827218928
20	0
eChromo: 498.157408887

HBaBG algorithm
The number of CPU's used is 6
1	3.43658930175
2	3.61207798761
3	3.19340629894
4	3.54735757541
5	3.30740127057
6	2.90316756572
7	0
8	0
9	0
10	0
11	0
12	0
13	0
14	0
15	0
16	0
17	0
18	0
19	0
20	0
eChromo: 541.650257995

Task set: Num Tasks 300 | Util 20 | Pop Size 200

Utilization 20.0
HMWG algorithm
The number of CPU's used is 6
1	0
2	0
3	0
4	0
5	0
6	3.16382158982
7	0
8	0
9	0
10	3.2611215944
11	0
12	3.09082259256
13	0
14	3.78931412524
15	3.30632039333
16	0
17	0
18	0
19	3.38859970464
20	0
eChromo: 497.85302063

HBaBG algorithm
The number of CPU's used is 6
1	3.4556143581
2	3.62403239117
3	3.19194547461
4	3.54059663128
5	3.26148294485
6	2.92632819999
7	0
8	0
9	0
10	0
11	0
12	0
13	0
14	0
15	0
16	0
17	0
18	0
19	0
20	0
eChromo: 541.650257995

Task set: Num Tasks 100 | Util 35 | Pop Size 200

Utilization 35.0
HMWG algorithm
The number of CPU's used is 10
1	0
2	3.60387160194
3	0
4	3.55112423763
5	0
6	3.65806056912
7	0
8	3.51586754166
9	0
10	3.62117774518
11	0
12	3.09992319423
13	3.19069589565
14	3.78621723539
15	3.32100768168
16	0
17	0
18	0
19	3.65205429752
20	0
eChromo: 386.359799108

HBaBG algorithm
The number of CPU's used is 10
1	3.46443924122
2	3.21884540331
3	3.18297178399
4	3.54755402869
5	3.30814174808
6	3.6613651283
7	0
8	3.45041703593
9	0
10	3.73149865928
11	0
12	3.6497338267
13	0
14	3.78503314449
15	0
16	0
17	0
18	0
19	0
20	0
eChromo: 416.752048025

Task set: Num Tasks 150 | Util 35 | Pop Size 200

Utilization 35.0
HMWG algorithm
The number of CPU's used is 10
1	0
2	3.61449445688
3	0
4	3.52800293535
5	0
6	3.64994121625
7	0
8	3.40532751841
9	0
10	3.73198295092
11	0
12	3.64614413944
13	3.55536340773
14	3.77742909882
15	3.2770040823
16	0
17	0
18	0
19	2.8143101939
20	0
eChromo: 385.962723881

HBaBG algorithm
The number of CPU's used is 10
1	3.45946915987
2	3.61571716852
3	3.1882756942
4	3.54656879757
5	3.30874358813
6	3.65766751385
7	0
8	3.50765684921
9	0
10	3.25665300123
11	0
12	3.67040957267
13	0
14	3.78883865475
15	0
16	0
17	0
18	0
19	0
20	0
eChromo: 418.400437696

Task set: Num Tasks 200 | Util 35 | Pop Size 200

Utilization 35.0
HMWG algorithm
The number of CPU's used is 10
1	0
2	3.62204860708
3	0
4	3.51768608244
5	0
6	3.66683128023
7	0
8	3.51827334571
9	0
10	3.72770926367
11	0
12	3.66868887236
13	2.58340693713
14	3.77627551378
15	3.27518689395
16	0
17	0
18	0
19	3.64389320365
20	0
eChromo: 387.149675481

HBaBG algorithm
The number of CPU's used is 10
1	3.46853645103
2	3.62244886583
3	3.19474942864
4	3.55640833522
5	3.3114403136
6	3.66516412805
7	0
8	3.51754771776
9	0
10	3.73235226624
11	0
12	3.66162992857
13	0
14	3.26972256505
15	0
16	0
17	0
18	0
19	0
20	0
eChromo: 418.838012227

Task set: Num Tasks 300 | Util 35 | Pop Size 200

Utilization 35.0
HMWG algorithm
The number of CPU's used is 10
1	0
2	3.61530971655
3	0
4	3.55435814366
5	0
6	3.6615652647
7	0
8	3.51654093981
9	0
10	3.72548383165
11	0
12	3.6672240326
13	3.55122385125
14	3.25910627461
15	2.7972613188
16	0
17	0
18	0
19	3.65192662637
20	0
eChromo: 387.335406539

HBaBG algorithm
The number of CPU's used is 10
1	3.45724951881
2	3.61342713973
3	3.19622585787
4	3.55745805781
5	3.31026106036
6	3.66696088485
7	0
8	3.51912856176
9	0
10	3.72584259244
11	0
12	3.67088084641
13	0
14	3.28256547996
15	0
16	0
17	0
18	0
19	0
20	0
eChromo: 418.882117104

Task set: Num Tasks 100 | Util 45 | Pop Size 200

Utilization 45.0
HMWG algorithm
The number of CPU's used is 13
1	3.45563940468
2	3.62347339334
3	0
4	3.50465640488
5	0
6	3.0658194627
7	0
8	3.45056067122
9	0
10	3.72287746015
11	0
12	3.66044999361
13	3.22531993086
14	3.76734495826
15	3.20613066211
16	0
17	3.25015771235
18	0
19	3.63902803188
20	3.42854191397
eChromo: 304.108925552

HBaBG algorithm
The number of CPU's used is 13
1	3.46543125889
2	3.56029010313
3	3.19374223333
4	3.54587623021
5	3.29725096171
6	3.63222217742
7	0
8	3.51514154589
9	3.08852466294
10	3.71456310097
11	0
12	3.63147004512
13	0
14	3.75429890839
15	2.94945332067
16	0
17	0
18	0
19	3.65173545132
20	0
eChromo: 331.917120522

Task set: Num Tasks 150 | Util 45 | Pop Size 200

Utilization 45.0
HMWG algorithm
The number of CPU's used is 13
1	3.47069147287
2	3.62235684222
3	0
4	3.46322980598
5	0
6	3.64287546535
7	0
8	3.48704454889
9	0
10	3.71719518183
11	0
12	3.66964758197
13	3.56459046968
14	3.77130686093
15	3.30576408608
16	0
17	3.33712006912
18	0
19	3.15198896186
20	2.79618865322
eChromo: 306.260501573

HBaBG algorithm
The number of CPU's used is 13
1	3.44609512026
2	3.61820555075
3	3.14945668063
4	3.55410256592
5	3.30922160092
6	3.66131639491
7	0
8	3.51397698331
9	3.16825639917
10	3.73256474899
11	0
12	3.64865209061
13	0
14	3.78573326201
15	2.83160863434
16	0
17	0
18	0
19	3.58080996815
20	0
eChromo: 332.831998282

Task set: Num Tasks 200 | Util 45 | Pop Size 200

Utilization 45.0
HMWG algorithm
The number of CPU's used is 13
1	3.45908546492
2	3.5982272482
3	0
4	3.55260887451
5	0
6	3.66101040967
7	0
8	3.5153555295
9	0
10	3.71889327494
11	0
12	3.66628466725
13	3.55810513115
14	2.77941493743
15	3.15221856755
16	0
17	3.3881191984
18	0
19	3.4455620806
20	3.50511461588
eChromo: 305.527277446

HBaBG algorithm
The number of CPU's used is 13
1	3.42765646345
2	3.59520347924
3	3.1871150525
4	3.45054128361
5	3.28434613335
6	3.66107546716
7	0
8	3.47301309607
9	3.1463092281
10	3.72207201343
11	0
12	3.66772038041
13	0
14	3.78875759435
15	2.95038640944
16	0
17	0
18	0
19	3.64580339888
20	0
eChromo: 332.214860609

Task set: Num Tasks 300 | Util 45 | Pop Size 200

Utilization 45.0
HMWG algorithm
The number of CPU's used is 13
1	3.46353365975
2	3.61792508843
3	0
4	3.54700283718
5	0
6	3.66296983405
7	0
8	3.48683980754
9	0
10	3.73124703639
11	0
12	3.66913690011
13	2.72672090467
14	3.72502102609
15	3.7424987107
16	0
17	3.3998029822
18	0
19	3.6555106708
20	2.57179054209
eChromo: 306.165616865

HBaBG algorithm
The number of CPU's used is 13
1	3.42230243924
2	3.6230745453
3	3.17957919107
4	3.55531052309
5	3.3039559343
6	3.6643970868
7	0
8	3.51872959825
9	3.16796106982
10	3.73253771506
11	0
12	3.58813118891
13	0
14	3.79142083034
15	2.80541772127
16	0
17	0
18	0
19	3.64718215654
20	0
eChromo: 332.831998282

