Start scheduler

Task set: Num Tasks 100 | Util 20 | Pop Size 200

Utilization 20.0
HMWG algorithm
The number of CPU's used is 6
1	0
2	0
3	0
4	0
5	0
6	3.66610028097
7	0
8	0
9	0
10	3.66031881337
11	0
12	3.66871813779
13	0
14	2.99571716977
15	2.94227795356
16	0
17	0
18	0
19	3.06686764453
20	0
eChromo: 498.255841673

HBaBG algorithm
The number of CPU's used is 6
1	3.45113404285
2	3.59289208247
3	3.19458782538
4	3.26610572509
5	3.30694399106
6	3.18833633316
7	0
8	0
9	0
10	0
11	0
12	0
13	0
14	0
15	0
16	0
17	0
18	0
19	0
20	0
eChromo: 541.701001438

Task set: Num Tasks 150 | Util 20 | Pop Size 200

Utilization 20.0
HMWG algorithm
The number of CPU's used is 6
1	0
2	0
3	0
4	0
5	0
6	3.66393388721
7	0
8	0
9	0
10	3.48986662137
11	0
12	3.20736916303
13	0
14	3.08158680075
15	2.90754323347
16	0
17	0
18	0
19	3.64970029417
20	0
eChromo: 498.916282602

HBaBG algorithm
The number of CPU's used is 6
1	3.46037638906
2	3.62409400542
3	3.19252003096
4	3.26089211543
5	3.31096442137
6	3.15115303776
7	0
8	0
9	0
10	0
11	0
12	0
13	0
14	0
15	0
16	0
17	0
18	0
19	0
20	0
eChromo: 541.67416581

Task set: Num Tasks 200 | Util 20 | Pop Size 200

Utilization 20.0
HMWG algorithm
The number of CPU's used is 6
1	0
2	0
3	0
4	0
5	0
6	3.65498132071
7	0
8	0
9	0
10	3.72261317548
11	0
12	3.38204188387
13	0
14	3.28307257127
15	2.30448856819
16	0
17	0
18	0
19	3.65280248047
20	0
eChromo: 497.420922435

HBaBG algorithm
The number of CPU's used is 6
1	3.41697513661
2	3.6203119751
3	3.1919573991
4	3.55666846102
5	3.30803047399
6	2.90605655417
7	0
8	0
9	0
10	0
11	0
12	0
13	0
14	0
15	0
16	0
17	0
18	0
19	0
20	0
eChromo: 541.650257995

Task set: Num Tasks 300 | Util 20 | Pop Size 200

Utilization 20.0
HMWG algorithm
The number of CPU's used is 6
1	0
2	0
3	0
4	0
5	0
6	3.65648184715
7	0
8	0
9	0
10	3.24174123079
11	0
12	3.20768480789
13	0
14	3.0631509817
15	3.82024569449
16	0
17	0
18	0
19	3.01069543797
20	0
eChromo: 498.248508983

HBaBG algorithm
The number of CPU's used is 6
1	3.46038940289
2	3.5501624563
3	3.19531478198
4	3.2903339862
5	3.31189309046
6	3.19190628218
7	0
8	0
9	0
10	0
11	0
12	0
13	0
14	0
15	0
16	0
17	0
18	0
19	0
20	0
eChromo: 541.67416581

Task set: Num Tasks 100 | Util 35 | Pop Size 200

Utilization 35.0
HMWG algorithm
The number of CPU's used is 10
1	0
2	3.62057433266
3	0
4	3.54993590204
5	0
6	3.64513445131
7	0
8	3.49343089527
9	0
10	3.72786065392
11	0
12	3.59949701748
13	3.12496821529
14	3.74989711516
15	2.84751414315
16	0
17	0
18	0
19	3.64118727373
20	0
eChromo: 386.429122311

HBaBG algorithm
The number of CPU's used is 10
1	3.46290460899
2	3.62402563025
3	3.19457585306
4	3.54804983456
5	3.29752932527
6	3.65890022259
7	0
8	3.47521887779
9	0
10	3.65192234476
11	0
12	3.34010008907
13	0
14	3.74677321366
15	0
16	0
17	0
18	0
19	0
20	0
eChromo: 416.160741583

Task set: Num Tasks 150 | Util 35 | Pop Size 200

Utilization 35.0
HMWG algorithm
The number of CPU's used is 10
1	0
2	3.6108044984
3	0
4	3.54788643861
5	0
6	3.6425992348
7	0
8	3.50684488871
9	0
10	3.72059053149
11	0
12	3.64318049683
13	2.71402407423
14	3.77571455371
15	3.19989596065
16	0
17	0
18	0
19	3.63845932257
20	0
eChromo: 386.20842758

HBaBG algorithm
The number of CPU's used is 10
1	3.46056400343
2	3.61955036897
3	3.19327692043
4	3.54220829919
5	3.30078999104
6	3.65677951402
7	0
8	3.51757807214
9	0
10	3.25460847921
11	0
12	3.66897029258
13	0
14	3.785674059
15	0
16	0
17	0
18	0
19	0
20	0
eChromo: 418.400437696

Task set: Num Tasks 200 | Util 35 | Pop Size 200

Utilization 35.0
HMWG algorithm
The number of CPU's used is 10
1	0
2	3.61221243095
3	0
4	3.50468943866
5	0
6	3.64919371834
7	0
8	3.47932788768
9	0
10	3.19718567552
11	0
12	3.60248559772
13	3.24381681237
14	3.77508457915
15	3.2838148637
16	0
17	0
18	0
19	3.65218899591
20	0
eChromo: 387.112959164

HBaBG algorithm
The number of CPU's used is 10
1	3.46395118345
2	3.61948975091
3	3.1914228917
4	3.53767976611
5	3.31174310533
6	3.667100463
7	0
8	3.51870265033
9	0
10	3.73207162049
11	0
12	3.67171520264
13	0
14	3.28612336603
15	0
16	0
17	0
18	0
19	0
20	0
eChromo: 418.882117104

Task set: Num Tasks 300 | Util 35 | Pop Size 200

Utilization 35.0
HMWG algorithm
The number of CPU's used is 10
1	0
2	3.62417259944
3	0
4	3.55659875756
5	0
6	3.66577563833
7	0
8	3.50927253401
9	0
10	3.71642769897
11	0
12	3.66490480187
13	2.60789839487
14	3.79089646278
15	3.80374537792
16	0
17	0
18	0
19	3.06030773426
20	0
eChromo: 386.545446265

HBaBG algorithm
The number of CPU's used is 10
1	3.46901814389
2	3.62277244144
3	3.1892285964
4	3.55344973418
5	3.31001681924
6	3.65350320828
7	0
8	3.51538150952
9	0
10	3.7196771925
11	0
12	3.67141299825
13	0
14	3.29553935631
15	0
16	0
17	0
18	0
19	0
20	0
eChromo: 418.838012227

Task set: Num Tasks 100 | Util 45 | Pop Size 200

Utilization 45.0
HMWG algorithm
The number of CPU's used is 13
1	3.39536627762
2	3.50876467271
3	0
4	3.51524280015
5	0
6	3.64046330805
7	0
8	3.47077559767
9	0
10	3.65868948681
11	0
12	3.6499664637
13	3.14691852195
14	3.78019831518
15	2.8269803164
16	0
17	3.3768136667
18	0
19	3.64717621996
20	3.38264435311
eChromo: 302.759908445

HBaBG algorithm
The number of CPU's used is 13
1	3.46385318479
2	3.60009356076
3	3.16703030166
4	3.52252543586
5	3.27824944404
6	2.98029454077
7	0
8	3.50466672582
9	3.16048401282
10	3.68803942742
11	0
12	3.64205766726
13	0
14	3.74457791064
15	3.80239498509
16	0
17	0
18	0
19	3.44573280307
20	0
eChromo: 330.238306318

Task set: Num Tasks 150 | Util 45 | Pop Size 200

Utilization 45.0
HMWG algorithm
The number of CPU's used is 13
1	3.45211941274
2	3.60408355375
3	0
4	3.54751116657
5	0
6	3.63746272567
7	0
8	3.45386383236
9	0
10	3.70295810874
11	0
12	3.36624179653
13	3.5296203997
14	3.76831315575
15	3.21417896953
16	0
17	3.39549759813
18	0
19	3.63572493974
20	2.69242434078
eChromo: 305.03691318

HBaBG algorithm
The number of CPU's used is 13
1	3.46581961603
2	3.62156280527
3	3.1974766494
4	3.52126010894
5	3.31278094928
6	3.6678299063
7	0
8	3.49035209858
9	3.09670194166
10	3.6390001767
11	0
12	3.64977901363
13	0
14	3.75209236407
15	2.92971354447
16	0
17	0
18	0
19	3.65563082567
20	0
eChromo: 332.143920103

Task set: Num Tasks 200 | Util 45 | Pop Size 200

Utilization 45.0
HMWG algorithm
The number of CPU's used is 13
1	3.45341806497
2	3.61458185664
3	0
4	3.54455551601
5	0
6	3.66513137148
7	0
8	3.50884352804
9	0
10	3.730435928
11	0
12	3.66195339543
13	3.47964888884
14	3.07334828183
15	2.81913658481
16	0
17	3.37167715761
18	0
19	3.56794944642
20	3.50931997991
eChromo: 305.342170664

HBaBG algorithm
The number of CPU's used is 13
1	3.44224158064
2	3.62116508264
3	3.18008869019
4	3.50558217095
5	3.31264608543
6	3.61582106882
7	0
8	3.45292037739
9	3.11112553365
10	3.72694524536
11	0
12	3.65824701613
13	0
14	3.78443930605
15	2.94411691888
16	0
17	0
18	0
19	3.64466092388
20	0
eChromo: 332.18802498

Task set: Num Tasks 300 | Util 45 | Pop Size 200

Utilization 45.0
HMWG algorithm
The number of CPU's used is 13
1	3.45787486707
2	3.2026089775
3	0
4	3.55691184235
5	0
6	3.65865749488
7	0
8	3.51894708746
9	0
10	3.72215238272
11	0
12	3.21175249021
13	3.56472500701
14	3.78689764265
15	3.24604575684
16	0
17	3.3830582103
18	0
19	3.62749886125
20	3.06286937977
eChromo: 307.216540965

HBaBG algorithm
The number of CPU's used is 13
1	3.47002327439
2	3.60247995416
3	3.18525847913
4	3.550291284
5	3.29833096233
6	3.66080884167
7	0
8	3.49966573929
9	3.16644587484
10	3.7306222367
11	0
12	3.67163944458
13	0
14	3.21877961914
15	3.31903294703
16	0
17	0
18	0
19	3.62662134275
20	0
eChromo: 333.648620649

