Start scheduler

Task set: Num Tasks 100 | Util 20 | Pop Size 200

Utilization 20.0
HMWG algorithm
The number of CPU's used is 6
1	0
2	0
3	0
4	0
5	0
6	3.57693992513
7	0
8	0
9	0
10	2.87352986246
11	0
12	3.38640454887
13	0
14	3.78839886572
15	3.32533691366
16	0
17	0
18	0
19	3.04938988418
20	0
eChromo: 497.770926931

HBaBG algorithm
The number of CPU's used is 6
1	3.42955398274
2	3.62238668079
3	3.172198623
4	3.55250234285
5	3.29416674093
6	2.92919162969
7	0
8	0
9	0
10	0
11	0
12	0
13	0
14	0
15	0
16	0
17	0
18	0
19	0
20	0
eChromo: 541.650257995

Task set: Num Tasks 150 | Util 20 | Pop Size 200

Utilization 20.0
HMWG algorithm
The number of CPU's used is 6
1	0
2	0
3	0
4	0
5	0
6	3.1426937215
7	0
8	0
9	0
10	3.72227774555
11	0
12	3.67172041273
13	0
14	3.20443806433
15	2.61426500122
16	0
17	0
18	0
19	3.64460505467
20	0
eChromo: 497.565504437

HBaBG algorithm
The number of CPU's used is 6
1	3.46946061934
2	3.61753687555
3	3.19018827913
4	3.27707510947
5	3.28042479668
6	3.16531431983
7	0
8	0
9	0
10	0
11	0
12	0
13	0
14	0
15	0
16	0
17	0
18	0
19	0
20	0
eChromo: 541.656896561

Task set: Num Tasks 200 | Util 20 | Pop Size 200

Utilization 20.0
HMWG algorithm
The number of CPU's used is 6
1	0
2	0
3	0
4	0
5	0
6	3.6527556102
7	0
8	0
9	0
10	3.16052666247
11	0
12	3.32116554121
13	0
14	3.77750704503
15	3.2850153346
16	0
17	0
18	0
19	2.80302980648
20	0
eChromo: 497.372224407

HBaBG algorithm
The number of CPU's used is 6
1	3.46154065899
2	3.62127346702
3	3.19523575738
4	3.29567514982
5	3.28309172041
6	3.14318324638
7	0
8	0
9	0
10	0
11	0
12	0
13	0
14	0
15	0
16	0
17	0
18	0
19	0
20	0
eChromo: 541.701001438

Task set: Num Tasks 300 | Util 20 | Pop Size 200

Utilization 20.0
HMWG algorithm
The number of CPU's used is 6
1	0
2	0
3	0
4	0
5	0
6	3.66419639317
7	0
8	0
9	0
10	3.21563748853
11	0
12	3.67026069403
13	0
14	3.11650036267
15	3.28367798552
16	0
17	0
18	0
19	3.04972707608
20	0
eChromo: 498.357811652

HBaBG algorithm
The number of CPU's used is 6
1	3.44955514032
2	3.59162854427
3	3.18591431545
4	3.29722319515
5	3.30710937849
6	3.16856942632
7	0
8	0
9	0
10	0
11	0
12	0
13	0
14	0
15	0
16	0
17	0
18	0
19	0
20	0
eChromo: 541.701001438

Task set: Num Tasks 100 | Util 35 | Pop Size 200

Utilization 35.0
HMWG algorithm
The number of CPU's used is 10
1	0
2	3.60642756125
3	0
4	3.53873682134
5	0
6	3.66646910211
7	0
8	3.48144435508
9	0
10	3.4692955536
11	0
12	3.3939185144
13	3.18434729395
14	3.69616833537
15	3.34202721209
16	0
17	0
18	0
19	3.6211652508
20	0
eChromo: 385.906157335

HBaBG algorithm
The number of CPU's used is 10
1	3.45527517345
2	3.17727819145
3	3.19090147602
4	3.52304631645
5	3.30521836659
6	3.65820906398
7	0
8	3.50247691067
9	0
10	3.73109198938
11	0
12	3.67035115082
13	0
14	3.78615136119
15	0
16	0
17	0
18	0
19	0
20	0
eChromo: 416.498412815

Task set: Num Tasks 150 | Util 35 | Pop Size 200

Utilization 35.0
HMWG algorithm
The number of CPU's used is 10
1	0
2	3.62065826509
3	0
4	3.5558858719
5	0
6	3.61756911833
7	0
8	3.51759306251
9	0
10	3.70699492189
11	0
12	3.65719201757
13	3.24336865081
14	3.77129957474
15	2.68177957613
16	0
17	0
18	0
19	3.62765894102
20	0
eChromo: 385.698513659

HBaBG algorithm
The number of CPU's used is 10
1	3.45930387654
2	3.62405264918
3	3.19308410475
4	3.55658989707
5	3.30275043238
6	3.66572115389
7	0
8	3.51259888933
9	0
10	3.73042686591
11	0
12	3.21021696786
13	0
14	3.74525516309
15	0
16	0
17	0
18	0
19	0
20	0
eChromo: 417.870128955

Task set: Num Tasks 200 | Util 35 | Pop Size 200

Utilization 35.0
HMWG algorithm
The number of CPU's used is 10
1	0
2	3.61579441053
3	0
4	3.55067724909
5	0
6	3.65343794866
7	0
8	3.517156769
9	0
10	3.73262249936
11	0
12	3.66928952203
13	3.15519083158
14	3.78674683732
15	2.68427972212
16	0
17	0
18	0
19	3.6348042103
20	0
eChromo: 386.429122311

HBaBG algorithm
The number of CPU's used is 10
1	3.47027356878
2	3.62324721254
3	3.19748135402
4	3.55484003415
5	3.31295299441
6	3.66506540415
7	0
8	3.51049031618
9	0
10	3.72280499829
11	0
12	3.66634631458
13	0
14	3.27649780289
15	0
16	0
17	0
18	0
19	0
20	0
eChromo: 418.838012227

Task set: Num Tasks 300 | Util 35 | Pop Size 200

Utilization 35.0
HMWG algorithm
The number of CPU's used is 10
1	0
2	3.62020585919
3	0
4	3.54841856034
5	0
6	3.66081529221
7	0
8	3.51143206273
9	0
10	3.71744987585
11	0
12	3.66034821425
13	3.56342864098
14	3.07357430305
15	3.26605921188
16	0
17	0
18	0
19	3.37826797952
20	0
eChromo: 387.336459521

HBaBG algorithm
The number of CPU's used is 10
1	3.4603839982
2	3.62398180332
3	3.1867203439
4	3.55519921139
5	3.31226437643
6	3.66646763925
7	0
8	3.51802745949
9	0
10	3.73243306901
11	0
12	3.65577825699
13	0
14	3.28874384202
15	0
16	0
17	0
18	0
19	0
20	0
eChromo: 418.882117104

Task set: Num Tasks 100 | Util 45 | Pop Size 200

Utilization 45.0
HMWG algorithm
The number of CPU's used is 13
1	3.41798370285
2	3.59775488532
3	0
4	3.44918783387
5	0
6	3.64605118182
7	0
8	3.37802962844
9	0
10	3.72440210778
11	0
12	3.66876302876
13	3.54198759853
14	3.7483595986
15	2.80730738726
16	0
17	3.3223455669
18	0
19	3.4986588204
20	3.19916865947
eChromo: 302.247745582

HBaBG algorithm
The number of CPU's used is 13
1	3.47037412902
2	3.58235988763
3	3.17450312042
4	3.48350911226
5	3.29463595475
6	3.65659642699
7	0
8	3.48119993934
9	3.04246312147
10	3.72238574416
11	0
12	3.59135654404
13	0
14	3.05515384824
15	3.80633107713
16	0
17	0
18	0
19	3.63913109454
20	0
eChromo: 329.932609864

Task set: Num Tasks 150 | Util 45 | Pop Size 200

Utilization 45.0
HMWG algorithm
The number of CPU's used is 13
1	3.44635103232
2	3.61520676136
3	0
4	3.55359173979
5	0
6	3.64681787512
7	0
8	3.50240396882
9	0
10	3.72763343417
11	0
12	3.33796073337
13	3.56396192101
14	2.90943590887
15	3.81452775998
16	0
17	3.39970272907
18	0
19	3.65214701026
20	2.83025912585
eChromo: 305.712799079

HBaBG algorithm
The number of CPU's used is 13
1	3.45968664568
2	3.60828316165
3	3.1851944387
4	3.54183700025
5	3.28082673575
6	3.66071660711
7	0
8	3.46219572591
9	3.16455780057
10	3.72214774609
11	0
12	3.63361899608
13	0
14	3.7913590674
15	2.85809183311
16	0
17	0
18	0
19	3.6314842417
20	0
eChromo: 333.085633492

Task set: Num Tasks 200 | Util 45 | Pop Size 200

Utilization 45.0
HMWG algorithm
The number of CPU's used is 13
1	3.46986077881
2	3.61481694727
3	0
4	3.54854196283
5	0
6	3.64973794222
7	0
8	3.02469338001
9	0
10	3.71653312881
11	0
12	3.1154326319
13	3.56653506482
14	3.78295060092
15	2.96803949429
16	0
17	3.39960853039
18	0
19	3.65085922983
20	3.49239030792
eChromo: 306.229325828

HBaBG algorithm
The number of CPU's used is 13
1	3.4715609846
2	3.60901424636
3	3.14672001403
4	3.55106647334
5	3.30862239991
6	3.6551100408
7	0
8	3.45582273902
9	3.14502301132
10	3.73271466913
11	0
12	3.64668295778
13	0
14	3.7805366458
15	2.85350877359
16	0
17	0
18	0
19	3.6436170443
20	0
eChromo: 333.041528614

Task set: Num Tasks 300 | Util 45 | Pop Size 200

Utilization 45.0
HMWG algorithm
The number of CPU's used is 13
1	3.44812237756
2	3.60123498907
3	0
4	3.5575765507
5	0
6	3.6593563464
7	0
8	3.50757511471
9	0
10	3.71809534875
11	0
12	3.66596166552
13	3.20611402683
14	3.01284617121
15	3.81942961969
16	0
17	2.65730458773
18	0
19	3.64133432826
20	3.50504887356
eChromo: 305.66939117

HBaBG algorithm
The number of CPU's used is 13
1	3.46855494276
2	3.62306835495
3	3.19365692587
4	3.54737365569
5	3.30437718211
6	3.64534348534
7	0
8	3.51803261779
9	3.16446332775
10	3.71869786677
11	0
12	3.66819119466
13	0
14	3.14687803289
15	3.34923713628
16	0
17	0
18	0
19	3.65212527714
20	0
eChromo: 333.648620649

