Start scheduler

Task set: Num Tasks 300 | Util 45 | Pop Size 200

Utilization 43.4795171971

Genetic Algorithm
The number of CPU's used is 20
Allocation strategy
1	2.61875940436
2	1.98905570575
3	1.99742866434
4	2.57378299275
5	1.97554880544
6	1.95864129696
7	1.99176128939
8	1.99095677999
9	1.98693087337
10	2.78853167318
11	1.9692776999
12	1.9815632653
13	1.99496954669
14	1.98829096135
15	2.39723741258
16	2.59921909922
17	2.40442996304
18	1.96999442599
19	2.36907389913
20	1.93406343841

MW Algorithm
The number of CPU's used is 12
Allocation strategy
1	3.76982700957
2	3.5047159545
3	3.66094462612
4	3.43749441433
5	3.03146651631
6	3.90131203361
7	3.91387202084
8	3.9284637295
9	3.88364994499
10	3.7215108371
11	3.28780134319
12	3.43845876707
13	0
14	0
15	0
16	0
17	0
18	0
19	0
20	0

HybridWGA algorithm
The number of CPU's used is 12
Allocation strategy
1	3.62827464079
2	3.53441709245
3	0
4	0
5	3.10477395538
6	3.97383210242
7	0
8	3.94443105136
9	3.83973341894
10	0
11	0
12	3.45561094278
13	0
14	3.71080066535
15	0
16	0
17	3.33073527656
18	3.53407672164
19	3.70611546829
20	3.71671586115

Genetic Algorithm
The number of CPU's used is 12
Allocation strategy
1	3.55140213669
2	0
3	3.30384574497
4	3.55197306468
5	0
6	0
7	0
8	3.99712827017
9	3.98149838678
10	0
11	3.2768449536
12	3.55517077906
13	3.75016539829
14	3.6718783473
15	0
16	0
17	0
18	3.52813420524
19	3.53469014049
20	3.77678576986

