Start scheduler

Task set: Num Tasks 100 | Util 20 | Pop Size 200

Utilization 18.9944078554
Genetic Algorithm
The number of CPU's used is 10
Allocation stategy
1	0
2	1.95713897696
3	1.98741023921
4	0
5	0
6	0
7	1.95184695316
8	0
9	1.99879859748
10	1.87460709214
11	1.98749485921
12	1.95194720552
13	1.97895826279
14	0
15	0
16	0
17	0
18	1.96188530284
19	0
20	1.34432036608

MW Algorithm
The number of CPU's used is 6
Allocation stategy
1	3.27243373225
2	3.08844233785
3	3.16886143345
4	3.24661313082
5	3.15014181622
6	3.06791540479
7	0
8	0
9	0
10	0
11	0
12	0
13	0
14	0
15	0
16	0
17	0
18	0
19	0
20	0

HybridWGA algorithm
The number of CPU's used is 6
Allocation stategy
1	0
2	0
3	0
4	0
5	0
6	0
7	0
8	3.27243373225
9	3.08844233785
10	0
11	0
12	0
13	0
14	3.16886143345
15	0
16	0
17	3.24661313082
18	0
19	3.15014181622
20	3.06791540479

Genetic Algorithm
The number of CPU's used is 6
Allocation stategy
1	0
2	0
3	0
4	0
5	0
6	0
7	0
8	3.27243373225
9	3.08844233785
10	0
11	0
12	0
13	0
14	3.29213556588
15	0
16	0
17	3.00908187678
18	0
19	3.26439893784
20	3.06791540479

