Start scheduler

Task set: Num Tasks 200 | Util 35 | Pop Size 200

Utilization 35.638268078
MW Algorithm
The number of CPU's used is 10
Allocation strategy
1	3.71963002452
2	3.51423313448
3	3.55884397693
4	3.51505879974
5	2.97559699512
6	3.61980266135
7	3.77112240295
8	3.64653809736
9	3.71316671586
10	3.60427526973
11	0
12	0
13	0
14	0
15	0
16	0
17	0
18	0
19	0
20	0

HybridWGA algorithm
The number of CPU's used is 10
Allocation strategy
1	0
2	0
3	3.6925808869
4	3.50391098031
5	0
6	0
7	3.68203429599
8	3.75888009715
9	0
10	3.71062121372
11	3.24486950538
12	0
13	0
14	0
15	0
16	0
17	3.27851403635
18	3.40990396479
19	3.76115426794
20	3.59579882952

Genetic Algorithm
The number of CPU's used is 10
Allocation strategy
1	0
2	0
3	3.54770859525
4	3.50391098031
5	0
6	0
7	3.46845685718
8	3.97245753595
9	0
10	3.71062121372
11	3.24486950538
12	0
13	0
14	0
15	0
16	0
17	3.27851403635
18	3.40990396479
19	3.76115426794
20	3.74067112116
