Start scheduler

Task set: Num Tasks 200 | Util 35 | Pop Size 200

Utilization 35.638268078

MW Algorithm
The number of CPU's used is 10
Allocation strategy
1	3.71963002452
2	3.51423313448
3	3.55884397693
4	3.51505879974
5	2.97559699512
6	3.61980266135
7	3.77112240295
8	3.64653809736
9	3.71316671586
10	3.60427526973
11	0
12	0
13	0
14	0
15	0
16	0
17	0
18	0
19	0
20	0

HybridWGA algorithm
The number of CPU's used is 10
Allocation strategy
1	0
2	0
3	3.71760833385
4	0
5	3.01907553886
6	0
7	0
8	0
9	3.76497181515
10	3.69484938056
11	0
12	3.5308621698
13	3.61783727043
14	3.77112240295
15	0
16	0
17	3.30967723747
18	3.54769367312
19	3.66457025586
20	0

Genetic Algorithm
The number of CPU's used is 10
Allocation strategy
1	0
2	0
3	3.49744493098
4	0
5	3.01907553886
6	0
7	0
8	0
9	3.74506622179
10	3.74553103887
11	0
12	3.5308621698
13	3.69605630442
14	3.77112240295
15	0
16	0
17	3.30967723747
18	3.54769367312
19	3.77573855977
20	0

